  4.0200000e+002  3.6578162e+001
  4.0300000e+002  3.7294138e+001
  4.0400000e+002  3.8010114e+001
  4.0500000e+002  3.9140536e+001
  4.0600000e+002  4.0892627e+001
  4.0700000e+002  4.2644718e+001
  4.0800000e+002  4.4396809e+001
  4.0900000e+002  4.6148900e+001
  4.1000000e+002  5.0259150e+001
  4.1100000e+002  5.4369400e+001
  4.1200000e+002  5.8479650e+001
  4.1300000e+002  6.2589900e+001
  4.1400000e+002  6.8293844e+001
  4.1500000e+002  7.5060250e+001
  4.1600000e+002  8.1826656e+001
  4.1700000e+002  8.8722100e+001
  4.1800000e+002  9.5811100e+001
  4.1900000e+002  1.0360817e+002
  4.2000000e+002  1.1087657e+002
  4.2100000e+002  1.1310351e+002
  4.2200000e+002  1.1483685e+002
  4.2300000e+002  1.1274221e+002
  4.2400000e+002  1.0890425e+002
  4.2500000e+002  1.0506629e+002
  4.2600000e+002  9.6680050e+001
  4.2700000e+002  8.6344550e+001
  4.2800000e+002  7.6030439e+001
  4.2900000e+002  6.5908832e+001
  4.3000000e+002  5.5787225e+001
  4.3100000e+002  4.6764411e+001
  4.3200000e+002  4.0305446e+001
  4.3300000e+002  3.3846482e+001
  4.3400000e+002  2.9081347e+001
  4.3500000e+002  2.6010042e+001
  4.3600000e+002  2.2938736e+001
  4.3700000e+002  1.9867431e+001
  4.3800000e+002  1.7955407e+001
  4.3900000e+002  1.6518587e+001
  4.4000000e+002  1.5428163e+001
  4.4100000e+002  1.4337737e+001
  4.4200000e+002  1.3247313e+001
  4.4300000e+002  1.2418415e+001
  4.4400000e+002  1.1851044e+001
  4.4500000e+002  1.1283674e+001
  4.4600000e+002  1.0716304e+001
  4.4700000e+002  1.0148933e+001
  4.4800000e+002  9.6131545e+000
  4.4900000e+002  9.3617000e+000
  4.5000000e+002  9.1102455e+000
  4.5100000e+002  8.8587909e+000
  4.5200000e+002  8.6073364e+000
  4.5300000e+002  8.3558818e+000
  4.5400000e+002  8.1044273e+000
  4.5500000e+002  7.8529727e+000
  4.5600000e+002  7.6015182e+000
  4.5700000e+002  7.3956168e+000
  4.5800000e+002  7.2960061e+000
  4.5900000e+002  7.1963954e+000
  4.6000000e+002  7.0967847e+000
  4.6100000e+002  6.9971740e+000
  4.6200000e+002  6.8975634e+000
  4.6300000e+002  6.7979527e+000
  4.6400000e+002  6.6983420e+000
  4.6500000e+002  6.5987313e+000
  4.6600000e+002  6.4991206e+000
  4.6700000e+002  6.3995099e+000
  4.6800000e+002  6.2998992e+000
  4.6900000e+002  6.2002885e+000
  4.7000000e+002  6.1096177e+000
  4.7100000e+002  6.0547065e+000
  4.7200000e+002  5.9997952e+000
  4.7300000e+002  5.9448839e+000
  4.7400000e+002  5.8899726e+000
  4.7500000e+002  5.8350613e+000
  4.7600000e+002  5.7801500e+000
  4.7700000e+002  5.7252387e+000
  4.7800000e+002  5.6703274e+000
  4.7900000e+002  5.6154161e+000
  4.8000000e+002  5.5605048e+000
  4.8100000e+002  5.5055935e+000
  4.8200000e+002  5.4506823e+000
  4.8300000e+002  5.3931462e+000
  4.8400000e+002  5.3349538e+000
  4.8500000e+002  5.2767615e+000
  4.8600000e+002  5.2185692e+000
  4.8700000e+002  5.1603769e+000
  4.8800000e+002  5.1021846e+000
  4.8900000e+002  5.0439923e+000
  4.9000000e+002  4.9858000e+000
  4.9100000e+002  4.9858000e+000
  4.9200000e+002  4.9858000e+000
  4.9300000e+002  4.9858000e+000
  4.9400000e+002  4.9858000e+000
  4.9500000e+002  4.9858000e+000
  4.9600000e+002  4.9858000e+000
  4.9700000e+002  4.9858000e+000
  4.9800000e+002  4.9706800e+000
  4.9900000e+002  4.9517800e+000
  5.0000000e+002  4.9328800e+000
  5.0100000e+002  5.0269980e+000
  5.0200000e+002  5.1493706e+000
  5.0300000e+002  5.2717431e+000
  5.0400000e+002  5.3941157e+000
  5.0500000e+002  5.5164882e+000
  5.0600000e+002  5.7431435e+000
  5.0700000e+002  6.0144913e+000
  5.0800000e+002  6.2858391e+000
  5.0900000e+002  6.5571870e+000
  5.1000000e+002  6.8286340e+000
  5.1100000e+002  7.1009740e+000
  5.1200000e+002  7.3733140e+000
  5.1300000e+002  7.6456540e+000
  5.1400000e+002  7.9179940e+000
  5.1500000e+002  8.1853022e+000
  5.1600000e+002  8.4073239e+000
  5.1700000e+002  8.6293457e+000
  5.1800000e+002  8.8513674e+000
  5.1900000e+002  9.0733891e+000
  5.2000000e+002  9.3589769e+000
  5.2100000e+002  9.7081308e+000
  5.2200000e+002  1.0057285e+001
  5.2300000e+002  1.0383993e+001
  5.2400000e+002  1.0593392e+001
  5.2500000e+002  1.0727670e+001
  5.2600000e+002  1.0829763e+001
  5.2700000e+002  1.0640638e+001
  5.2800000e+002  1.0451513e+001
  5.2900000e+002  1.0190713e+001
  5.3000000e+002  9.9219500e+000
  5.3100000e+002  9.6531868e+000
  5.3200000e+002  9.3696933e+000
  5.3300000e+002  8.9536267e+000
  5.3400000e+002  8.5375600e+000
  5.3500000e+002  8.1144714e+000
  5.3600000e+002  7.6281857e+000
  5.3700000e+002  7.3581812e+000
  5.3800000e+002  7.1759000e+000
  5.3900000e+002  6.9834208e+000
  5.4000000e+002  7.1016292e+000
  5.4100000e+002  7.2198375e+000
  5.4200000e+002  7.4177955e+000
  5.4300000e+002  7.6499318e+000
  5.4400000e+002  7.9656296e+000
  5.4500000e+002  8.3648889e+000
  5.4600000e+002  8.7641481e+000
  5.4700000e+002  9.6383200e+000
  5.4800000e+002  1.0631220e+001
  5.4900000e+002  1.1822700e+001
  5.5000000e+002  1.3143260e+001
  5.5100000e+002  1.4714900e+001
  5.5200000e+002  1.6004767e+001
  5.5300000e+002  1.6950400e+001
  5.5400000e+002  1.7037669e+001
  5.5500000e+002  1.7124938e+001
  5.5600000e+002  1.7063833e+001
  5.5700000e+002  1.6780167e+001
  5.5800000e+002  1.6428380e+001
  5.5900000e+002  1.5741830e+001
  5.6000000e+002  1.4862380e+001
  5.6100000e+002  1.3613943e+001
  5.6200000e+002  1.2077986e+001
  5.6300000e+002  1.0375914e+001
  5.6400000e+002  8.7872333e+000
  5.6500000e+002  7.4609875e+000
  5.6600000e+002  6.2908000e+000
  5.6700000e+002  5.5248500e+000
  5.6800000e+002  4.7589000e+000
  5.6900000e+002  4.4381273e+000
  5.7000000e+002  4.1173545e+000
  5.7100000e+002  3.7965818e+000
  5.7200000e+002  3.4758091e+000
  5.7300000e+002  3.2694875e+000
  5.7400000e+002  3.1394667e+000
  5.7500000e+002  3.0094458e+000
  5.7600000e+002  2.8794250e+000
  5.7700000e+002  2.7494042e+000
  5.7800000e+002  2.6791171e+000
  5.7900000e+002  2.6237634e+000
  5.8000000e+002  2.5684098e+000
  5.8100000e+002  2.5130561e+000
  5.8200000e+002  2.4577024e+000
  5.8300000e+002  2.4023488e+000
  5.8400000e+002  2.3469951e+000
  5.8500000e+002  2.2916415e+000
  5.8600000e+002  2.2504121e+000
  5.8700000e+002  2.2185991e+000
  5.8800000e+002  2.1867860e+000
  5.8900000e+002  2.1549729e+000
  5.9000000e+002  2.1231598e+000
  5.9100000e+002  2.0913467e+000
  5.9200000e+002  2.0595336e+000
  5.9300000e+002  2.0277206e+000
  5.9400000e+002  1.9959075e+000
  5.9500000e+002  1.9640944e+000
  5.9600000e+002  1.9322813e+000
  5.9700000e+002  1.9058909e+000
  5.9800000e+002  1.8801030e+000
  5.9900000e+002  1.8543152e+000
  6.0000000e+002  1.8285273e+000
  6.0100000e+002  1.8027394e+000
  6.0200000e+002  1.7769515e+000
  6.0300000e+002  1.7567700e+000
  6.0400000e+002  1.7496700e+000
  6.0500000e+002  1.7425700e+000
  6.0600000e+002  1.7354700e+000
  6.0700000e+002  1.7283700e+000
  6.0800000e+002  1.7212700e+000
  6.0900000e+002  1.7141700e+000
  6.1000000e+002  1.7070700e+000
  6.1100000e+002  1.6965205e+000
  6.1200000e+002  1.6779221e+000
  6.1300000e+002  1.6593238e+000
  6.1400000e+002  1.6407254e+000
  6.1500000e+002  1.6221270e+000
  6.1600000e+002  1.6035287e+000
  6.1700000e+002  1.5849303e+000
  6.1800000e+002  1.5663320e+000
  6.1900000e+002  1.5477336e+000
  6.2000000e+002  1.5291352e+000
  6.2100000e+002  1.5105369e+000
  6.2200000e+002  1.4919385e+000
  6.2300000e+002  1.4746263e+000
  6.2400000e+002  1.4688889e+000
  6.2500000e+002  1.4631515e+000
  6.2600000e+002  1.4574141e+000
  6.2700000e+002  1.4516768e+000
  6.2800000e+002  1.4459394e+000
  6.2900000e+002  1.4402020e+000
  6.3000000e+002  1.4344646e+000
  6.3100000e+002  1.4287273e+000
  6.3200000e+002  1.4229899e+000
  6.3300000e+002  1.4166281e+000
  6.3400000e+002  1.4077687e+000
  6.3500000e+002  1.3989094e+000
  6.3600000e+002  1.3900500e+000
  6.3700000e+002  1.3811906e+000
  6.3800000e+002  1.3723313e+000
  6.3900000e+002  1.3634719e+000
  6.4000000e+002  1.3785000e+000
  6.4100000e+002  1.3995000e+000
  6.4200000e+002  1.4163000e+000
  6.4300000e+002  1.3953000e+000
  6.4400000e+002  1.3743000e+000
  6.4500000e+002  1.4358846e+000
  6.4600000e+002  1.6022063e+000
  6.4700000e+002  1.5962691e+000
  6.4800000e+002  1.5903319e+000
  6.4900000e+002  1.5843948e+000
  6.5000000e+002  1.5784576e+000
  6.5100000e+002  1.5725204e+000
  6.5200000e+002  1.5665832e+000
  6.5300000e+002  1.5606461e+000
  6.5400000e+002  1.5547089e+000
  6.5500000e+002  1.5487717e+000
  6.5600000e+002  1.5428346e+000
  6.5700000e+002  1.5368974e+000
  6.5800000e+002  1.5309602e+000
  6.5900000e+002  1.5250230e+000
  6.6000000e+002  1.5190859e+000
  6.6100000e+002  1.5131487e+000
  6.6200000e+002  1.5072115e+000
  6.6300000e+002  1.5012743e+000
  6.6400000e+002  1.4953372e+000
  6.6500000e+002  1.4894000e+000
  6.6600000e+002  1.4812132e+000
  6.6700000e+002  1.4730264e+000
  6.6800000e+002  1.4648396e+000
  6.6900000e+002  1.4566527e+000
  6.7000000e+002  1.4484659e+000
  6.7100000e+002  1.4402791e+000
  6.7200000e+002  1.4320923e+000
  6.7300000e+002  1.4239055e+000
  6.7400000e+002  1.4157187e+000
  6.7500000e+002  1.4075319e+000
  6.7600000e+002  1.3993451e+000
  6.7700000e+002  1.3911582e+000
  6.7800000e+002  1.3829714e+000
  6.7900000e+002  1.3747846e+000
  6.8000000e+002  1.3665978e+000
  6.8100000e+002  1.3584110e+000
  6.8200000e+002  1.3502242e+000
  6.8300000e+002  1.3420374e+000
  6.8400000e+002  1.3362385e+000
  6.8500000e+002  1.3310367e+000
  6.8600000e+002  1.3258349e+000
  6.8700000e+002  1.3206330e+000
  6.8800000e+002  1.3154312e+000
  6.8900000e+002  1.3102294e+000
  6.9000000e+002  1.3050275e+000
  6.9100000e+002  1.2998257e+000
  6.9200000e+002  1.2946239e+000
  6.9300000e+002  1.2894220e+000
  6.9400000e+002  1.2842202e+000
  6.9500000e+002  1.2794195e+000
  6.9600000e+002  1.2746634e+000
  6.9700000e+002  1.2699073e+000
  6.9800000e+002  1.2651512e+000
  6.9900000e+002  1.2603951e+000
  7.0000000e+002  1.2556390e+000
  7.0100000e+002  1.2508829e+000
  7.0200000e+002  1.2461268e+000
  7.0300000e+002  1.2413707e+000
  7.0400000e+002  1.2366146e+000
  7.0500000e+002  1.2318585e+000
  7.0600000e+002  1.2271024e+000
  7.0700000e+002  1.2223463e+000
  7.0800000e+002  1.2175902e+000
  7.0900000e+002  1.2128341e+000
  7.1000000e+002  1.2080780e+000
  7.1100000e+002  1.2037433e+000
  7.1200000e+002  1.1998299e+000
  7.1300000e+002  1.1959165e+000
  7.1400000e+002  1.1920031e+000
  7.1500000e+002  1.1880898e+000
  7.1600000e+002  1.1841764e+000
  7.1700000e+002  1.1802630e+000
  7.1800000e+002  1.1763496e+000
  7.1900000e+002  1.1724362e+000
  7.2000000e+002  1.1685228e+000
  7.2100000e+002  1.1646094e+000
  7.2200000e+002  1.1606961e+000
  7.2300000e+002  1.1567827e+000
  7.2400000e+002  1.1552526e+000
  7.2500000e+002  1.1543184e+000
  7.2600000e+002  1.1533842e+000
  7.2700000e+002  1.1524500e+000
  7.2800000e+002  1.1515158e+000
  7.2900000e+002  1.1505816e+000
  7.3000000e+002  1.1496474e+000
  7.3100000e+002  1.1487132e+000
  7.3200000e+002  1.1477789e+000
  7.3300000e+002  1.1468447e+000
  7.3400000e+002  1.1459105e+000
  7.3500000e+002  1.1449763e+000
  7.3600000e+002  1.1440421e+000
  7.3700000e+002  1.1431079e+000
  7.3800000e+002  1.1421737e+000
  7.3900000e+002  1.1403934e+000
  7.4000000e+002  1.1380490e+000
  7.4100000e+002  1.1357046e+000
  7.4200000e+002  1.1333603e+000
  7.4300000e+002  1.1310159e+000
  7.4400000e+002  1.1286715e+000
  7.4500000e+002  1.1263272e+000
  7.4600000e+002  1.1239828e+000
  7.4700000e+002  1.1216384e+000
  7.4800000e+002  1.1192940e+000
  7.4900000e+002  1.1169497e+000
  7.5000000e+002  1.1146053e+000
  7.5100000e+002  1.1122609e+000
  7.5200000e+002  1.1099166e+000
  7.5300000e+002  1.1075722e+000
  7.5400000e+002  1.1069635e+000
  7.5500000e+002  1.1080905e+000
  7.5600000e+002  1.1092175e+000
  7.5700000e+002  1.1103444e+000
  7.5800000e+002  1.1114714e+000
  7.5900000e+002  1.1125984e+000
  7.6000000e+002  1.1137254e+000
  7.6100000e+002  1.1148524e+000
  7.6200000e+002  1.1159794e+000
  7.6300000e+002  1.1171063e+000
  7.6400000e+002  1.1182333e+000
  7.6500000e+002  1.1193603e+000
  7.6600000e+002  1.1204873e+000
  7.6700000e+002  1.1220200e+000
  7.6800000e+002  1.1235978e+000
  7.6900000e+002  1.1251756e+000
  7.7000000e+002  1.1267533e+000
  7.7100000e+002  1.1283311e+000
  7.7200000e+002  1.1299089e+000
  7.7300000e+002  1.1314867e+000
  7.7400000e+002  1.1330644e+000
  7.7500000e+002  1.1346422e+000
  7.7600000e+002  1.1326934e+000
  7.7700000e+002  1.1303527e+000
  7.7800000e+002  1.1280121e+000
  7.7900000e+002  1.1256714e+000
  7.8000000e+002  1.1233308e+000
  7.8100000e+002  1.1209901e+000
  7.8200000e+002  1.1186495e+000
  7.8300000e+002  1.1163088e+000
  7.8400000e+002  1.1139681e+000
  7.8500000e+002  1.1127324e+000
  7.8600000e+002  1.1117730e+000
  7.8700000e+002  1.1108135e+000
  7.8800000e+002  1.1098541e+000
  7.8900000e+002  1.1088946e+000
  7.9000000e+002  1.1079351e+000
  7.9100000e+002  1.1069757e+000
  7.9200000e+002  1.1044811e+000
  7.9300000e+002  1.0996838e+000
  7.9400000e+002  1.0948865e+000
  7.9500000e+002  1.0900892e+000
  7.9600000e+002  1.0852919e+000
  7.9700000e+002  1.0804946e+000
  7.9800000e+002  1.0756973e+000
  7.9900000e+002  1.0709000e+000
  8.0000000e+002  1.0702238e+000
  8.0100000e+002  1.0690968e+000
  8.0200000e+002  1.0679698e+000
  8.0300000e+002  1.0668429e+000
  8.0400000e+002  1.0657159e+000
  8.0500000e+002  1.0645889e+000
  8.0600000e+002  1.0634619e+000
  8.0700000e+002  1.0623349e+000
  8.0800000e+002  1.0612079e+000
  8.0900000e+002  1.0600810e+000
  8.1000000e+002  1.0589540e+000
  8.1100000e+002  1.0578270e+000
  8.1200000e+002  1.0567000e+000
  8.1300000e+002  1.0561320e+000
  8.1400000e+002  1.0555640e+000
  8.1500000e+002  1.0549960e+000
  8.1600000e+002  1.0544280e+000
  8.1700000e+002  1.0538600e+000
  8.1800000e+002  1.0532920e+000
  8.1900000e+002  1.0527240e+000
  8.2000000e+002  1.0521560e+000
  8.2100000e+002  1.0515880e+000
  8.2200000e+002  1.0510200e+000
  8.2300000e+002  1.0504520e+000
  8.2400000e+002  1.0498840e+000
  8.2500000e+002  1.0490125e+000
  8.2600000e+002  1.0478375e+000
  8.2700000e+002  1.0466625e+000
  8.2800000e+002  1.0454875e+000
  8.2900000e+002  1.0443125e+000
  8.3000000e+002  1.0431375e+000
  8.3100000e+002  1.0419625e+000
  8.3200000e+002  1.0407875e+000
  8.3300000e+002  1.0396125e+000
  8.3400000e+002  1.0384375e+000
  8.3500000e+002  1.0372625e+000
  8.3600000e+002  1.0360875e+000
  8.3700000e+002  1.0347338e+000
  8.3800000e+002  1.0332014e+000
  8.3900000e+002  1.0316691e+000
  8.4000000e+002  1.0301367e+000
  8.4100000e+002  1.0286043e+000
  8.4200000e+002  1.0270719e+000
  8.4300000e+002  1.0255396e+000
  8.4400000e+002  1.0240072e+000
  8.4500000e+002  1.0224748e+000
  8.4600000e+002  1.0209424e+000
  8.4700000e+002  1.0194101e+000
  8.4800000e+002  1.0178777e+000
  8.4900000e+002  1.0163453e+000
  8.5000000e+002  1.0148129e+000
  8.5100000e+002  1.0137047e+000
  8.5200000e+002  1.0128791e+000
  8.5300000e+002  1.0120535e+000
  8.5400000e+002  1.0112279e+000
  8.5500000e+002  1.0104023e+000
  8.5600000e+002  1.0095767e+000
  8.5700000e+002  1.0087512e+000
  8.5800000e+002  1.0079256e+000
  8.5900000e+002  1.0071000e+000
  8.6000000e+002  1.0043692e+000
  8.6100000e+002  1.0016385e+000
  8.6200000e+002  9.9890769e-001
  8.6300000e+002  9.9617692e-001
  8.6400000e+002  9.9344615e-001
  8.6500000e+002  9.9071538e-001
  8.6600000e+002  9.8798462e-001
  8.6700000e+002  9.8525385e-001
  8.6800000e+002  9.8252308e-001
  8.6900000e+002  9.7979231e-001
  8.7000000e+002  9.7913469e-001
  8.7100000e+002  9.7985918e-001
  8.7200000e+002  9.8058367e-001
  8.7300000e+002  9.8130816e-001
  8.7400000e+002  9.8203265e-001
  8.7500000e+002  9.8275714e-001
  8.7600000e+002  9.8348163e-001
  8.7700000e+002  9.8420612e-001
  8.7800000e+002  9.8493061e-001
  8.7900000e+002  9.8565510e-001
  8.8000000e+002  9.8446353e-001
  8.8100000e+002  9.8279294e-001
  8.8200000e+002  9.8112235e-001
  8.8300000e+002  9.7945176e-001
  8.8400000e+002  9.7778118e-001
  8.8500000e+002  9.7611059e-001
  8.8600000e+002  9.7444000e-001
  8.8700000e+002  9.7276941e-001
  8.8800000e+002  9.7131974e-001
  8.8900000e+002  9.7038553e-001
  8.9000000e+002  9.6945132e-001
  8.9100000e+002  9.6851711e-001
  8.9200000e+002  9.6758289e-001
  8.9300000e+002  9.6664868e-001
  8.9400000e+002  9.6571447e-001
  8.9500000e+002  9.6478026e-001
  8.9600000e+002  9.6259744e-001
  8.9700000e+002  9.5987949e-001
  8.9800000e+002  9.5716154e-001
  8.9900000e+002  9.5444359e-001
  9.0000000e+002  9.5172564e-001
  9.0100000e+002  9.4900769e-001
  9.0200000e+002  9.4628974e-001
  9.0300000e+002  9.4357179e-001
  9.0400000e+002  9.3975000e-001
  9.0500000e+002  9.3580556e-001
  9.0600000e+002  9.3186111e-001
  9.0700000e+002  9.2791667e-001
  9.0800000e+002  9.2397222e-001
  9.0900000e+002  9.2002778e-001
  9.1000000e+002  9.1608333e-001
  9.1100000e+002  9.1409839e-001
  9.1200000e+002  9.1295323e-001
  9.1300000e+002  9.1180806e-001
  9.1400000e+002  9.1066290e-001
  9.1500000e+002  9.0951774e-001
  9.1600000e+002  9.0837258e-001
  9.1700000e+002  9.0780000e-001
  9.1800000e+002  9.0780000e-001
  9.1900000e+002  9.0780000e-001
  9.2000000e+002  9.0780000e-001
  9.2100000e+002  9.0780000e-001
  9.2200000e+002  9.0780000e-001
  9.2300000e+002  9.0780000e-001
  9.2400000e+002  9.0780000e-001
  9.2500000e+002  9.0780000e-001
  9.2600000e+002  9.0780000e-001
  9.2700000e+002  9.0780000e-001
  9.2800000e+002  9.0471304e-001
  9.2900000e+002  9.0162609e-001
  9.3000000e+002  8.9853913e-001
  9.3100000e+002  8.9545217e-001
  9.3200000e+002  8.9236522e-001
  9.3300000e+002  8.8927826e-001
  9.3400000e+002  8.8619130e-001
  9.3500000e+002  8.8310435e-001
  9.3600000e+002  8.8001739e-001
  9.3700000e+002  8.7676744e-001
  9.3800000e+002  8.7347674e-001
  9.3900000e+002  8.7018605e-001
  9.4000000e+002  8.6689535e-001
  9.4100000e+002  8.6360465e-001
  9.4200000e+002  8.6031395e-001
  9.4300000e+002  8.5702326e-001
  9.4400000e+002  8.5373256e-001
  9.4500000e+002  8.5078090e-001
  9.4600000e+002  8.4918539e-001
  9.4700000e+002  8.4758989e-001
  9.4800000e+002  8.4599438e-001
  9.4900000e+002  8.4439888e-001
  9.5000000e+002  8.4280337e-001
  9.5100000e+002  8.4120787e-001
  9.5200000e+002  8.3961236e-001
  9.5300000e+002  8.3801685e-001
  9.5400000e+002  8.3434400e-001
  9.5500000e+002  8.2582400e-001
  9.5600000e+002  8.1730400e-001
  9.5700000e+002  8.0878400e-001
  9.5800000e+002  8.0026400e-001
  9.5900000e+002  7.9126250e-001
  9.6000000e+002  7.8113750e-001
  9.6100000e+002  7.7101250e-001
  9.6200000e+002  7.6088750e-001
  9.6300000e+002  7.5076250e-001
  9.6400000e+002  7.4063750e-001
  9.6500000e+002  7.3679839e-001
  9.6600000e+002  7.3565323e-001
  9.6700000e+002  7.3450806e-001
  9.6800000e+002  7.3336290e-001
  9.6900000e+002  7.3221774e-001
  9.7000000e+002  7.3107258e-001
  9.7100000e+002  7.2828125e-001
  9.7200000e+002  7.2384375e-001
  9.7300000e+002  7.1940625e-001
  9.7400000e+002  7.1496875e-001
  9.7500000e+002  7.1053125e-001
  9.7600000e+002  7.0609375e-001
  9.7700000e+002  7.0156667e-001
  9.7800000e+002  6.9623333e-001
  9.7900000e+002  6.9090000e-001
  9.8000000e+002  6.8556667e-001
  9.8100000e+002  6.8023333e-001
  9.8200000e+002  6.7490000e-001
  9.8300000e+002  6.6956667e-001
  9.8400000e+002  6.6423333e-001
  9.8500000e+002  6.5890000e-001
  9.8600000e+002  6.5356667e-001
  9.8700000e+002  6.5250000e-001
  9.8800000e+002  6.5250000e-001
  9.8900000e+002  6.5250000e-001
  9.9000000e+002  6.5250000e-001
  9.9100000e+002  6.5250000e-001
  9.9200000e+002  6.5250000e-001
  9.9300000e+002  6.5250000e-001
  9.9400000e+002  6.4895000e-001
  9.9500000e+002  6.4451250e-001
  9.9600000e+002  6.4007500e-001
  9.9700000e+002  6.3563750e-001
