  4.0200000e+002  6.6222989e+001
  4.0300000e+002  6.9276600e+001
  4.0400000e+002  7.1597691e+001
  4.0500000e+002  7.3918782e+001
  4.0600000e+002  7.6081550e+001
  4.0700000e+002  7.8018400e+001
  4.0800000e+002  7.9539000e+001
  4.0900000e+002  7.9822700e+001
  4.1000000e+002  7.9822700e+001
  4.1100000e+002  7.9193427e+001
  4.1200000e+002  7.7620245e+001
  4.1300000e+002  7.5644200e+001
  4.1400000e+002  7.2056700e+001
  4.1500000e+002  6.8684400e+001
  4.1600000e+002  6.5312100e+001
  4.1700000e+002  6.0934600e+001
  4.1800000e+002  5.6645582e+001
  4.1900000e+002  5.2710491e+001
  4.2000000e+002  4.8775400e+001
  4.2100000e+002  4.4840309e+001
  4.2200000e+002  4.0619918e+001
  4.2300000e+002  3.6367827e+001
  4.2400000e+002  3.3557118e+001
  4.2500000e+002  3.1364145e+001
  4.2600000e+002  2.9171171e+001
  4.2700000e+002  2.6978197e+001
  4.2800000e+002  2.5457097e+001
  4.2900000e+002  2.4010650e+001
  4.3000000e+002  2.2564203e+001
  4.3100000e+002  2.1188325e+001
  4.3200000e+002  2.0447575e+001
  4.3300000e+002  1.9706825e+001
  4.3400000e+002  1.8966075e+001
  4.3500000e+002  1.8374075e+001
  4.3600000e+002  1.7930825e+001
  4.3700000e+002  1.7487575e+001
  4.3800000e+002  1.7070919e+001
  4.3900000e+002  1.6716315e+001
  4.4000000e+002  1.6361710e+001
  4.4100000e+002  1.6007106e+001
  4.4200000e+002  1.5652502e+001
  4.4300000e+002  1.5333350e+001
  4.4400000e+002  1.5049650e+001
  4.4500000e+002  1.4765950e+001
  4.4600000e+002  1.4459360e+001
  4.4700000e+002  1.4129881e+001
  4.4800000e+002  1.3800402e+001
  4.4900000e+002  1.3470923e+001
  4.5000000e+002  1.3141444e+001
  4.5100000e+002  1.2852288e+001
  4.5200000e+002  1.2580413e+001
  4.5300000e+002  1.2308538e+001
  4.5400000e+002  1.2036663e+001
  4.5500000e+002  1.1764788e+001
  4.5600000e+002  1.1518750e+001
  4.5700000e+002  1.1275583e+001
  4.5800000e+002  1.1032417e+001
  4.5900000e+002  1.0789250e+001
  4.6000000e+002  1.0591480e+001
  4.6100000e+002  1.0413166e+001
  4.6200000e+002  1.0234851e+001
  4.6300000e+002  1.0068835e+001
  4.6400000e+002  9.9520118e+000
  4.6500000e+002  9.8351882e+000
  4.6600000e+002  9.7183647e+000
  4.6700000e+002  9.6291161e+000
  4.6800000e+002  9.5467613e+000
  4.6900000e+002  9.4644065e+000
  4.7000000e+002  9.3820516e+000
  4.7100000e+002  9.2996968e+000
  4.7200000e+002  9.2173419e+000
  4.7300000e+002  9.1479286e+000
  4.7400000e+002  9.0871429e+000
  4.7500000e+002  9.0263571e+000
  4.7600000e+002  8.9655714e+000
  4.7700000e+002  8.9047857e+000
  4.7800000e+002  8.8440000e+000
  4.7900000e+002  8.7645600e+000
  4.8000000e+002  8.6851200e+000
  4.8100000e+002  8.6056800e+000
  4.8200000e+002  8.5262400e+000
  4.8300000e+002  8.4468000e+000
  4.8400000e+002  8.3787200e+000
  4.8500000e+002  8.3106400e+000
  4.8600000e+002  8.2425600e+000
  4.8700000e+002  8.1744800e+000
  4.8800000e+002  8.1064000e+000
  4.8900000e+002  8.0616105e+000
  4.9000000e+002  8.0168211e+000
  4.9100000e+002  7.9720316e+000
  4.9200000e+002  7.9272421e+000
  4.9300000e+002  7.8824526e+000
  4.9400000e+002  7.8376632e+000
  4.9500000e+002  7.7928737e+000
  4.9600000e+002  7.7660000e+000
  4.9700000e+002  7.7660000e+000
  4.9800000e+002  7.7660000e+000
  4.9900000e+002  7.7660000e+000
  5.0000000e+002  7.7660000e+000
  5.0100000e+002  7.7660000e+000
  5.0200000e+002  7.7786063e+000
  5.0300000e+002  7.8416381e+000
  5.0400000e+002  7.9046698e+000
  5.0500000e+002  7.9677016e+000
  5.0600000e+002  8.0307333e+000
  5.0700000e+002  8.0937651e+000
  5.0800000e+002  8.1567968e+000
  5.0900000e+002  8.2652350e+000
  5.1000000e+002  8.3787183e+000
  5.1100000e+002  8.4922017e+000
  5.1200000e+002  8.6056850e+000
  5.1300000e+002  8.7191683e+000
  5.1400000e+002  8.8326517e+000
  5.1500000e+002  8.9007333e+000
  5.1600000e+002  8.9637704e+000
  5.1700000e+002  9.0268074e+000
  5.1800000e+002  9.0898444e+000
  5.1900000e+002  9.1528815e+000
  5.2000000e+002  9.1782370e+000
  5.2100000e+002  9.1659109e+000
  5.2200000e+002  9.1535848e+000
  5.2300000e+002  9.1412587e+000
  5.2400000e+002  9.1289326e+000
  5.2500000e+002  9.1277000e+000
  5.2600000e+002  9.1277000e+000
  5.2700000e+002  9.1277000e+000
  5.2800000e+002  9.1277000e+000
  5.2900000e+002  9.1066815e+000
  5.3000000e+002  9.0646444e+000
  5.3100000e+002  9.0226074e+000
  5.3200000e+002  8.9805704e+000
  5.3300000e+002  8.9385333e+000
  5.3400000e+002  8.8901926e+000
  5.3500000e+002  8.7851185e+000
  5.3600000e+002  8.6800444e+000
  5.3700000e+002  8.5749704e+000
  5.3800000e+002  8.4698963e+000
  5.3900000e+002  8.3648222e+000
  5.4000000e+002  8.2694750e+000
  5.4100000e+002  8.1782964e+000
  5.4200000e+002  8.0871179e+000
  5.4300000e+002  7.9959393e+000
  5.4400000e+002  7.9047607e+000
  5.4500000e+002  7.8203685e+000
  5.4600000e+002  7.7970534e+000
  5.4700000e+002  7.7737384e+000
  5.4800000e+002  7.7504233e+000
  5.4900000e+002  7.7271082e+000
  5.5000000e+002  7.7037932e+000
  5.5100000e+002  7.6804781e+000
  5.5200000e+002  7.6571630e+000
  5.5300000e+002  7.6298067e+000
  5.5400000e+002  7.6014400e+000
  5.5500000e+002  7.5730733e+000
  5.5600000e+002  7.5447067e+000
  5.5700000e+002  7.5163400e+000
  5.5800000e+002  7.4879733e+000
  5.5900000e+002  7.4132217e+000
  5.6000000e+002  7.3268739e+000
  5.6100000e+002  7.2405261e+000
  5.6200000e+002  7.1541783e+000
  5.6300000e+002  7.0532707e+000
  5.6400000e+002  6.8941244e+000
  5.6500000e+002  6.7349780e+000
  5.6600000e+002  6.5758317e+000
  5.6700000e+002  6.4166854e+000
  5.6800000e+002  6.2575390e+000
  5.6900000e+002  6.0983927e+000
  5.7000000e+002  5.9392463e+000
  5.7100000e+002  5.7801000e+000
  5.7200000e+002  5.6450167e+000
  5.7300000e+002  5.5099333e+000
  5.7400000e+002  5.3748500e+000
  5.7500000e+002  5.2397667e+000
  5.7600000e+002  5.1046833e+000
  5.7700000e+002  4.9696000e+000
  5.7800000e+002  4.8345167e+000
  5.7900000e+002  4.6994333e+000
  5.8000000e+002  4.5802892e+000
  5.8100000e+002  4.4717711e+000
  5.8200000e+002  4.3632530e+000
  5.8300000e+002  4.2547349e+000
  5.8400000e+002  4.1462169e+000
  5.8500000e+002  4.0376988e+000
  5.8600000e+002  3.9291807e+000
  5.8700000e+002  3.8206627e+000
  5.8800000e+002  3.7228129e+000
  5.8900000e+002  3.6498557e+000
  5.9000000e+002  3.5768986e+000
  5.9100000e+002  3.5039414e+000
  5.9200000e+002  3.4309843e+000
  5.9300000e+002  3.3580271e+000
  5.9400000e+002  3.2850700e+000
  5.9500000e+002  3.2203860e+000
  5.9600000e+002  3.1750060e+000
  5.9700000e+002  3.1296260e+000
  5.9800000e+002  3.0842460e+000
  5.9900000e+002  3.0388660e+000
  6.0000000e+002  2.9957500e+000
  6.0100000e+002  2.9579167e+000
  6.0200000e+002  2.9200833e+000
  6.0300000e+002  2.8822500e+000
  6.0400000e+002  2.8444167e+000
  6.0500000e+002  2.8065833e+000
  6.0600000e+002  2.7715900e+000
  6.0700000e+002  2.7432233e+000
  6.0800000e+002  2.7148567e+000
  6.0900000e+002  2.6864900e+000
  6.1000000e+002  2.6581233e+000
  6.1100000e+002  2.6297567e+000
  6.1200000e+002  2.6070650e+000
  6.1300000e+002  2.5976150e+000
  6.1400000e+002  2.5881650e+000
  6.1500000e+002  2.5787150e+000
  6.1600000e+002  2.5692650e+000
  6.1700000e+002  2.5598150e+000
  6.1800000e+002  2.5483357e+000
  6.1900000e+002  2.5321214e+000
  6.2000000e+002  2.5159071e+000
  6.2100000e+002  2.4996929e+000
  6.2200000e+002  2.4834786e+000
  6.2300000e+002  2.4672643e+000
  6.2400000e+002  2.4510500e+000
  6.2500000e+002  2.4370000e+000
  6.2600000e+002  2.4280000e+000
  6.2700000e+002  2.4190000e+000
  6.2800000e+002  2.4100000e+000
  6.2900000e+002  2.4010000e+000
  6.3000000e+002  2.3920000e+000
  6.3100000e+002  2.3830000e+000
  6.3200000e+002  2.3603000e+000
  6.3300000e+002  2.3376000e+000
  6.3400000e+002  2.3149000e+000
  6.3500000e+002  2.2922000e+000
  6.3600000e+002  2.2695000e+000
  6.3700000e+002  2.2560000e+000
  6.3800000e+002  2.2425000e+000
  6.3900000e+002  2.2290000e+000
  6.4000000e+002  2.2155000e+000
  6.4100000e+002  2.3808385e+000
  6.4200000e+002  2.1462231e+000
  6.4300000e+002  2.1131512e+000
  6.4400000e+002  2.1304651e+000
  6.4500000e+002  2.1477791e+000
  6.4600000e+002  2.1650930e+000
  6.4700000e+002  2.1824070e+000
  6.4800000e+002  2.1997209e+000
  6.4900000e+002  2.2170349e+000
  6.5000000e+002  2.2343488e+000
  6.5100000e+002  2.2449875e+000
  6.5200000e+002  2.2289250e+000
  6.5300000e+002  2.2128625e+000
  6.5400000e+002  2.1968000e+000
  6.5500000e+002  2.1807375e+000
  6.5600000e+002  2.1646750e+000
  6.5700000e+002  2.1486125e+000
  6.5800000e+002  2.1325500e+000
  6.5900000e+002  2.1164875e+000
  6.6000000e+002  2.1004250e+000
  6.6100000e+002  2.0843625e+000
  6.6200000e+002  2.0683000e+000
  6.6300000e+002  2.0522375e+000
  6.6400000e+002  2.0356973e+000
  6.6500000e+002  2.0184405e+000
  6.6600000e+002  2.0011838e+000
  6.6700000e+002  1.9839270e+000
  6.6800000e+002  1.9666703e+000
  6.6900000e+002  1.9494135e+000
  6.7000000e+002  1.9321568e+000
  6.7100000e+002  1.9149000e+000
  6.7200000e+002  1.8986027e+000
  6.7300000e+002  1.8823054e+000
  6.7400000e+002  1.8660081e+000
  6.7500000e+002  1.8497108e+000
  6.7600000e+002  1.8334135e+000
  6.7700000e+002  1.8171162e+000
  6.7800000e+002  1.8008189e+000
  6.7900000e+002  1.7871217e+000
  6.8000000e+002  1.7751578e+000
  6.8100000e+002  1.7631940e+000
  6.8200000e+002  1.7512301e+000
  6.8300000e+002  1.7392663e+000
  6.8400000e+002  1.7273024e+000
  6.8500000e+002  1.7153386e+000
  6.8600000e+002  1.7033747e+000
  6.8700000e+002  1.6919619e+000
  6.8800000e+002  1.6818349e+000
  6.8900000e+002  1.6717079e+000
  6.9000000e+002  1.6615810e+000
  6.9100000e+002  1.6514540e+000
  6.9200000e+002  1.6413270e+000
  6.9300000e+002  1.6312000e+000
  6.9400000e+002  1.6210730e+000
  6.9500000e+002  1.6109460e+000
  6.9600000e+002  1.6008190e+000
  6.9700000e+002  1.5906921e+000
  6.9800000e+002  1.5805651e+000
  6.9900000e+002  1.5704381e+000
  7.0000000e+002  1.5605919e+000
  7.0100000e+002  1.5508661e+000
  7.0200000e+002  1.5411403e+000
  7.0300000e+002  1.5314145e+000
  7.0400000e+002  1.5216887e+000
  7.0500000e+002  1.5119629e+000
  7.0600000e+002  1.5022371e+000
  7.0700000e+002  1.4925113e+000
  7.0800000e+002  1.4827855e+000
  7.0900000e+002  1.4730597e+000
  7.1000000e+002  1.4633339e+000
  7.1100000e+002  1.4536081e+000
  7.1200000e+002  1.4437324e+000
  7.1300000e+002  1.4335072e+000
  7.1400000e+002  1.4232820e+000
  7.1500000e+002  1.4130568e+000
  7.1600000e+002  1.4028315e+000
  7.1700000e+002  1.3926063e+000
  7.1800000e+002  1.3823811e+000
  7.1900000e+002  1.3721559e+000
  7.2000000e+002  1.3619306e+000
  7.2100000e+002  1.3517054e+000
  7.2200000e+002  1.3414802e+000
  7.2300000e+002  1.3325148e+000
  7.2400000e+002  1.3285889e+000
  7.2500000e+002  1.3246630e+000
  7.2600000e+002  1.3207370e+000
  7.2700000e+002  1.3168111e+000
  7.2800000e+002  1.3128852e+000
  7.2900000e+002  1.3064200e+000
  7.3000000e+002  1.3014500e+000
  7.3100000e+002  1.2970125e+000
  7.3200000e+002  1.2925750e+000
  7.3300000e+002  1.2881375e+000
  7.3400000e+002  1.2837000e+000
  7.3500000e+002  1.2792625e+000
  7.3600000e+002  1.2748250e+000
  7.3700000e+002  1.2703875e+000
  7.3800000e+002  1.2659500e+000
  7.3900000e+002  1.2615125e+000
  7.4000000e+002  1.2570750e+000
  7.4100000e+002  1.2519933e+000
  7.4200000e+002  1.2464822e+000
  7.4300000e+002  1.2409711e+000
  7.4400000e+002  1.2354600e+000
  7.4500000e+002  1.2299489e+000
  7.4600000e+002  1.2244378e+000
  7.4700000e+002  1.2189267e+000
  7.4800000e+002  1.2134156e+000
  7.4900000e+002  1.2079044e+000
  7.5000000e+002  1.2041920e+000
  7.5100000e+002  1.2016788e+000
  7.5200000e+002  1.1991655e+000
  7.5300000e+002  1.1966522e+000
  7.5400000e+002  1.1941389e+000
  7.5500000e+002  1.1916257e+000
  7.5600000e+002  1.1891124e+000
  7.5700000e+002  1.1865991e+000
  7.5800000e+002  1.1840858e+000
  7.5900000e+002  1.1815726e+000
  7.6000000e+002  1.1790593e+000
  7.6100000e+002  1.1766344e+000
  7.6200000e+002  1.1744156e+000
  7.6300000e+002  1.1721969e+000
  7.6400000e+002  1.1699781e+000
  7.6500000e+002  1.1677594e+000
  7.6600000e+002  1.1655406e+000
  7.6700000e+002  1.1633219e+000
  7.6800000e+002  1.1611031e+000
  7.6900000e+002  1.1588844e+000
  7.7000000e+002  1.1566656e+000
  7.7100000e+002  1.1542312e+000
  7.7200000e+002  1.1517045e+000
  7.7300000e+002  1.1491777e+000
  7.7400000e+002  1.1466509e+000
  7.7500000e+002  1.1441241e+000
  7.7600000e+002  1.1415973e+000
  7.7700000e+002  1.1390705e+000
  7.7800000e+002  1.1365438e+000
  7.7900000e+002  1.1340170e+000
  7.8000000e+002  1.1314902e+000
  7.8100000e+002  1.1289634e+000
  7.8200000e+002  1.1268647e+000
  7.8300000e+002  1.1251941e+000
  7.8400000e+002  1.1235235e+000
  7.8500000e+002  1.1218529e+000
  7.8600000e+002  1.1201824e+000
  7.8700000e+002  1.1185118e+000
  7.8800000e+002  1.1168412e+000
  7.8900000e+002  1.1151706e+000
  7.9000000e+002  1.1135000e+000
  7.9100000e+002  1.1105417e+000
  7.9200000e+002  1.1075833e+000
  7.9300000e+002  1.1046250e+000
  7.9400000e+002  1.1016667e+000
  7.9500000e+002  1.0987083e+000
  7.9600000e+002  1.0957500e+000
  7.9700000e+002  1.0927917e+000
  7.9800000e+002  1.0922000e+000
  7.9900000e+002  1.0922000e+000
  8.0000000e+002  1.0897304e+000
  8.0100000e+002  1.0866435e+000
  8.0200000e+002  1.0835565e+000
  8.0300000e+002  1.0804696e+000
  8.0400000e+002  1.0773689e+000
  8.0500000e+002  1.0742133e+000
  8.0600000e+002  1.0710578e+000
  8.0700000e+002  1.0679022e+000
  8.0800000e+002  1.0647467e+000
  8.0900000e+002  1.0615911e+000
  8.1000000e+002  1.0584356e+000
  8.1100000e+002  1.0552800e+000
  8.1200000e+002  1.0521244e+000
  8.1300000e+002  1.0492682e+000
  8.1400000e+002  1.0476094e+000
  8.1500000e+002  1.0459506e+000
  8.1600000e+002  1.0442918e+000
  8.1700000e+002  1.0426329e+000
  8.1800000e+002  1.0409741e+000
  8.1900000e+002  1.0393153e+000
  8.2000000e+002  1.0376565e+000
  8.2100000e+002  1.0359976e+000
  8.2200000e+002  1.0333941e+000
  8.2300000e+002  1.0303856e+000
  8.2400000e+002  1.0273771e+000
  8.2500000e+002  1.0243686e+000
  8.2600000e+002  1.0213602e+000
  8.2700000e+002  1.0183517e+000
  8.2800000e+002  1.0153432e+000
  8.2900000e+002  1.0123347e+000
  8.3000000e+002  1.0093263e+000
  8.3100000e+002  1.0063178e+000
  8.3200000e+002  1.0033093e+000
  8.3300000e+002  1.0003008e+000
  8.3400000e+002  9.9768478e-001
  8.3500000e+002  9.9511232e-001
  8.3600000e+002  9.9253986e-001
  8.3700000e+002  9.8996739e-001
  8.3800000e+002  9.8739493e-001
  8.3900000e+002  9.8482246e-001
  8.4000000e+002  9.8225000e-001
  8.4100000e+002  9.7967754e-001
  8.4200000e+002  9.7710507e-001
  8.4300000e+002  9.7453261e-001
  8.4400000e+002  9.7196014e-001
  8.4500000e+002  9.6938768e-001
  8.4600000e+002  9.6681522e-001
  8.4700000e+002  9.6440779e-001
  8.4800000e+002  9.6348571e-001
  8.4900000e+002  9.6256364e-001
  8.5000000e+002  9.6164156e-001
  8.5100000e+002  9.6071948e-001
  8.5200000e+002  9.5979740e-001
  8.5300000e+002  9.5887532e-001
  8.5400000e+002  9.5795325e-001
  8.5500000e+002  9.5708889e-001
  8.5600000e+002  9.5631111e-001
  8.5700000e+002  9.5553333e-001
  8.5800000e+002  9.5475556e-001
  8.5900000e+002  9.5397778e-001
  8.6000000e+002  9.5320000e-001
  8.6100000e+002  9.5242222e-001
  8.6200000e+002  9.5164444e-001
  8.6300000e+002  9.5086667e-001
  8.6400000e+002  9.4967797e-001
  8.6500000e+002  9.4787288e-001
  8.6600000e+002  9.4606780e-001
  8.6700000e+002  9.4426271e-001
  8.6800000e+002  9.4245763e-001
  8.6900000e+002  9.4065254e-001
  8.7000000e+002  9.3884746e-001
  8.7100000e+002  9.3704237e-001
  8.7200000e+002  9.3523729e-001
  8.7300000e+002  9.3343220e-001
  8.7400000e+002  9.3162712e-001
  8.7500000e+002  9.2982203e-001
  8.7600000e+002  9.2840732e-001
  8.7700000e+002  9.2725285e-001
  8.7800000e+002  9.2609837e-001
  8.7900000e+002  9.2494390e-001
  8.8000000e+002  9.2378943e-001
  8.8100000e+002  9.2263496e-001
  8.8200000e+002  9.2148049e-001
  8.8300000e+002  9.2032602e-001
  8.8400000e+002  9.1917154e-001
  8.8500000e+002  9.1801707e-001
  8.8600000e+002  9.1686260e-001
  8.8700000e+002  9.1570813e-001
  8.8800000e+002  9.1396579e-001
  8.8900000e+002  9.1085175e-001
  8.9000000e+002  9.0773772e-001
  8.9100000e+002  9.0462368e-001
  8.9200000e+002  9.0150965e-001
  8.9300000e+002  8.9839561e-001
  8.9400000e+002  8.9528158e-001
  8.9500000e+002  8.9216754e-001
  8.9600000e+002  8.8905351e-001
  8.9700000e+002  8.8593947e-001
  8.9800000e+002  8.8282544e-001
  8.9900000e+002  8.7971140e-001
  9.0000000e+002  8.7867386e-001
  9.0100000e+002  8.7786705e-001
  9.0200000e+002  8.7706023e-001
  9.0300000e+002  8.7625341e-001
  9.0400000e+002  8.7544659e-001
  9.0500000e+002  8.7463977e-001
  9.0600000e+002  8.7383295e-001
  9.0700000e+002  8.7302614e-001
  9.0800000e+002  8.7220658e-001
  9.0900000e+002  8.7127237e-001
  9.1000000e+002  8.7033816e-001
  9.1100000e+002  8.6940395e-001
  9.1200000e+002  8.6846974e-001
  9.1300000e+002  8.6753553e-001
  9.1400000e+002  8.6660132e-001
  9.1500000e+002  8.6566711e-001
  9.1600000e+002  8.6367849e-001
  9.1700000e+002  8.6063548e-001
  9.1800000e+002  8.5759247e-001
  9.1900000e+002  8.5454946e-001
  9.2000000e+002  8.5150645e-001
  9.2100000e+002  8.4846344e-001
  9.2200000e+002  8.4542043e-001
  9.2300000e+002  8.4237742e-001
  9.2400000e+002  8.3933441e-001
  9.2500000e+002  8.3617179e-001
  9.2600000e+002  8.3253077e-001
  9.2700000e+002  8.2888974e-001
  9.2800000e+002  8.2524872e-001
  9.2900000e+002  8.2160769e-001
  9.3000000e+002  8.1796667e-001
  9.3100000e+002  8.1432564e-001
  9.3200000e+002  8.1068462e-001
  9.3300000e+002  8.0652778e-001
  9.3400000e+002  8.0159722e-001
  9.3500000e+002  7.9666667e-001
  9.3600000e+002  7.9173611e-001
  9.3700000e+002  7.8680556e-001
  9.3800000e+002  7.8187500e-001
  9.3900000e+002  7.7694444e-001
  9.4000000e+002  7.7259714e-001
  9.4100000e+002  7.7058286e-001
  9.4200000e+002  7.6856857e-001
  9.4300000e+002  7.6655429e-001
  9.4400000e+002  7.6454000e-001
  9.4500000e+002  7.6252571e-001
  9.4600000e+002  7.6051143e-001
  9.4700000e+002  7.5789765e-001
  9.4800000e+002  7.5288588e-001
  9.4900000e+002  7.4787412e-001
  9.5000000e+002  7.4286235e-001
  9.5100000e+002  7.3785059e-001
  9.5200000e+002  7.3283882e-001
  9.5300000e+002  7.2782706e-001
  9.5400000e+002  7.2281529e-001
  9.5500000e+002  7.1780353e-001
  9.5600000e+002  7.1332500e-001
  9.5700000e+002  7.0907500e-001
  9.5800000e+002  7.0482500e-001
  9.5900000e+002  7.0057500e-001
  9.6000000e+002  6.9632500e-001
  9.6100000e+002  6.9207500e-001
  9.6200000e+002  6.8782500e-001
  9.6300000e+002  6.8357500e-001
  9.6400000e+002  6.7932500e-001
  9.6500000e+002  6.7507500e-001
  9.6600000e+002  6.7143333e-001
  9.6700000e+002  6.6805238e-001
  9.6800000e+002  6.6467143e-001
  9.6900000e+002  6.6129048e-001
  9.7000000e+002  6.5790952e-001
  9.7100000e+002  6.5452857e-001
  9.7200000e+002  6.5114762e-001
  9.7300000e+002  6.4776667e-001
  9.7400000e+002  6.4452165e-001
  9.7500000e+002  6.4159381e-001
  9.7600000e+002  6.3866598e-001
  9.7700000e+002  6.3573814e-001
  9.7800000e+002  6.3281031e-001
  9.7900000e+002  6.2988247e-001
  9.8000000e+002  6.2695464e-001
  9.8100000e+002  6.2402680e-001
  9.8200000e+002  6.2109897e-001
  9.8300000e+002  6.1817113e-001
  9.8400000e+002  6.1500312e-001
  9.8500000e+002  6.1167500e-001
  9.8600000e+002  6.0834687e-001
  9.8700000e+002  6.0501875e-001
  9.8800000e+002  6.0169062e-001
  9.8900000e+002  5.9836250e-001
  9.9000000e+002  5.9552051e-001
  9.9100000e+002  5.9462308e-001
  9.9200000e+002  5.9372564e-001
  9.9300000e+002  5.9282821e-001
  9.9400000e+002  5.9193077e-001
  9.9500000e+002  5.9103333e-001
  9.9600000e+002  5.9013590e-001
  9.9700000e+002  5.8923846e-001
