650.000	 8.5982E-04
651.000	 8.5264E-04
652.000	 8.4546E-04
653.000	 8.3825E-04
654.000	 8.3162E-04
655.000	 8.2506E-04
656.000	 8.1848E-04
657.000	 8.1189E-04
658.000	 8.0529E-04
659.000	 7.9868E-04
660.000	 7.9207E-04
661.000	 7.8411E-04
662.000	 7.7617E-04
663.000	 7.6820E-04
664.000	 7.5943E-04
665.000	 7.5004E-04
666.000	 7.4065E-04
667.000	 7.3116E-04
668.000	 7.2115E-04
669.000	 7.1111E-04
670.000	 7.0107E-04
671.000	 6.9044E-04
672.000	 6.7953E-04
673.000	 6.6862E-04
674.000	 6.5766E-04
675.000	 6.4656E-04
676.000	 6.3549E-04
677.000	 6.2439E-04
678.000	 6.1353E-04
679.000	 6.0273E-04
680.000	 5.9191E-04
681.000	 5.8121E-04
682.000	 5.7062E-04
683.000	 5.6005E-04
684.000	 5.4949E-04
685.000	 5.3950E-04
686.000	 5.2955E-04
687.000	 5.1961E-04
688.000	 5.1017E-04
689.000	 5.0119E-04
690.000	 4.9221E-04
691.000	 4.8335E-04
692.000	 4.7550E-04
693.000	 4.6765E-04
694.000	 4.5980E-04
695.000	 4.5269E-04
696.000	 4.4590E-04
697.000	 4.3913E-04
698.000	 4.3257E-04
699.000	 4.2656E-04
700.000	 4.2058E-04
701.000	 4.1459E-04
702.000	 4.0923E-04
703.000	 4.0395E-04
704.000	 3.9868E-04
705.000	 3.9362E-04
706.000	 3.8874E-04
707.000	 3.8386E-04
708.000	 3.7900E-04
709.000	 3.7447E-04
710.000	 3.6993E-04
711.000	 3.6540E-04
712.000	 3.6088E-04
713.000	 3.5637E-04
714.000	 3.5186E-04
715.000	 3.4744E-04
716.000	 3.4316E-04
717.000	 3.3888E-04
718.000	 3.3460E-04
719.000	 3.3068E-04
720.000	 3.2681E-04
721.000	 3.2295E-04
722.000	 3.1940E-04
723.000	 3.1613E-04
724.000	 3.1289E-04
725.000	 3.0976E-04
726.000	 3.0736E-04
727.000	 3.0499E-04
728.000	 3.0262E-04
729.000	 3.0112E-04
730.000	 2.9993E-04
731.000	 2.9871E-04
732.000	 2.9802E-04
733.000	 2.9811E-04
734.000	 2.9818E-04
735.000	 2.9832E-04
736.000	 2.9990E-04
737.000	 3.0147E-04
738.000	 3.0304E-04
739.000	 3.0564E-04
740.000	 3.0872E-04
741.000	 3.1181E-04
742.000	 3.1530E-04
743.000	 3.1968E-04
744.000	 3.2408E-04
745.000	 3.2845E-04
746.000	 3.3381E-04
747.000	 3.3922E-04
748.000	 3.4463E-04
749.000	 3.5018E-04
750.000	 3.5584E-04
751.000	 3.6148E-04
752.000	 3.6689E-04
753.000	 3.7159E-04
754.000	 3.7628E-04
755.000	 3.8096E-04
756.000	 3.8319E-04
757.000	 3.8519E-04
758.000	 3.8720E-04
759.000	 3.8710E-04
760.000	 3.8547E-04
761.000	 3.8384E-04
762.000	 3.8135E-04
763.000	 3.7622E-04
764.000	 3.7111E-04
765.000	 3.6597E-04
766.000	 3.5870E-04
767.000	 3.5126E-04
768.000	 3.4380E-04
769.000	 3.3586E-04
770.000	 3.2755E-04
771.000	 3.1926E-04
772.000	 3.1107E-04
773.000	 3.0315E-04
774.000	 2.9523E-04
775.000	 2.8731E-04
776.000	 2.8027E-04
777.000	 2.7325E-04
778.000	 2.6625E-04
779.000	 2.6008E-04
780.000	 2.5437E-04
781.000	 2.4869E-04
782.000	 2.4334E-04
783.000	 2.3876E-04
784.000	 2.3418E-04
785.000	 2.2962E-04
786.000	 2.2610E-04
787.000	 2.2256E-04
788.000	 2.1904E-04
789.000	 2.1604E-04
790.000	 2.1326E-04
791.000	 2.1047E-04
792.000	 2.0796E-04
793.000	 2.0578E-04
794.000	 2.0359E-04
795.000	 2.0147E-04
796.000	 1.9972E-04
797.000	 1.9797E-04
798.000	 1.9622E-04
799.000	 1.9477E-04
800.000	 1.9334E-04
801.000	 1.9194E-04
802.000	 1.9072E-04
803.000	 1.8962E-04
804.000	 1.8853E-04
805.000	 1.8752E-04
806.000	 1.8672E-04
807.000	 1.8589E-04
808.000	 1.8508E-04
809.000	 1.8448E-04
810.000	 1.8386E-04
811.000	 1.8326E-04
812.000	 1.8280E-04
813.000	 1.8236E-04
814.000	 1.8195E-04
815.000	 1.8158E-04
816.000	 1.8126E-04
817.000	 1.8096E-04
818.000	 1.8068E-04
819.000	 1.8052E-04
820.000	 1.8034E-04
821.000	 1.8018E-04
822.000	 1.8006E-04
823.000	 1.7995E-04
824.000	 1.7983E-04
825.000	 1.7976E-04
826.000	 1.7974E-04
827.000	 1.7969E-04
828.000	 1.7967E-04
829.000	 1.7965E-04
830.000	 1.7965E-04
831.000	 1.7965E-04
832.000	 1.7965E-04
833.000	 1.7965E-04
834.000	 1.7967E-04
835.000	 1.7967E-04
836.000	 1.7969E-04
837.000	 1.7972E-04
838.000	 1.7976E-04
839.000	 1.7983E-04
840.000	 1.7990E-04
841.000	 1.7995E-04
842.000	 1.8002E-04
843.000	 1.8009E-04
844.000	 1.8018E-04
845.000	 1.8032E-04
846.000	 1.8045E-04
847.000	 1.8059E-04
848.000	 1.8071E-04
849.000	 1.8085E-04
850.000	 1.8096E-04
851.000	 1.8119E-04
852.000	 1.8140E-04
853.000	 1.8163E-04
854.000	 1.8188E-04
855.000	 1.8213E-04
856.000	 1.8239E-04
857.000	 1.8266E-04
858.000	 1.8299E-04
859.000	 1.8331E-04
860.000	 1.8363E-04
861.000	 1.8400E-04
862.000	 1.8437E-04
863.000	 1.8474E-04
864.000	 1.8517E-04
865.000	 1.8561E-04
866.000	 1.8605E-04
867.000	 1.8651E-04
868.000	 1.8697E-04
869.000	 1.8745E-04
870.000	 1.8798E-04
871.000	 1.8851E-04
872.000	 1.8906E-04
873.000	 1.8962E-04
874.000	 1.9017E-04
875.000	 1.9072E-04
876.000	 1.9130E-04
877.000	 1.9189E-04
878.000	 1.9247E-04
879.000	 1.9307E-04
880.000	 1.9364E-04
881.000	 1.9424E-04
882.000	 1.9482E-04
883.000	 1.9542E-04
884.000	 1.9604E-04
885.000	 1.9664E-04
886.000	 1.9724E-04
887.000	 1.9783E-04
888.000	 1.9843E-04
889.000	 1.9901E-04
890.000	 1.9958E-04
891.000	 2.0014E-04
892.000	 2.0069E-04
893.000	 2.0124E-04
894.000	 2.0177E-04
895.000	 2.0228E-04
896.000	 2.0274E-04
897.000	 2.0320E-04
898.000	 2.0363E-04
899.000	 2.0403E-04
900.000	 2.0442E-04
901.000	 2.0481E-04
902.000	 2.0511E-04
903.000	 2.0541E-04
904.000	 2.0571E-04
905.000	 2.0589E-04
906.000	 2.0608E-04
907.000	 2.0624E-04
908.000	 2.0631E-04
909.000	 2.0637E-04
910.000	 2.0644E-04
911.000	 2.0635E-04
912.000	 2.0619E-04
913.000	 2.0605E-04
914.000	 2.0584E-04
915.000	 2.0559E-04
916.000	 2.0534E-04
917.000	 2.0497E-04
918.000	 2.0453E-04
919.000	 2.0410E-04
920.000	 2.0359E-04
921.000	 2.0297E-04
922.000	 2.0235E-04
923.000	 2.0166E-04
924.000	 2.0087E-04
925.000	 2.0007E-04
926.000	 1.9924E-04
927.000	 1.9827E-04
928.000	 1.9730E-04
929.000	 1.9631E-04
930.000	 1.9521E-04
931.000	 1.9410E-04
932.000	 1.9295E-04
933.000	 1.9162E-04
934.000	 1.9026E-04
935.000	 1.8893E-04
936.000	 1.8745E-04
937.000	 1.8600E-04
938.000	 1.8453E-04
939.000	 1.8289E-04
940.000	 1.8126E-04
941.000	 1.7960E-04
942.000	 1.7788E-04
943.000	 1.7613E-04
944.000	 1.7438E-04
945.000	 1.7249E-04
946.000	 1.7058E-04
947.000	 1.6867E-04
948.000	 1.6669E-04
949.000	 1.6469E-04
950.000	 1.6271E-04
951.000	 1.6073E-04
952.000	 1.5875E-04
953.000	 1.5677E-04
954.000	 1.5458E-04
955.000	 1.5230E-04
956.000	 1.5002E-04
957.000	 1.4779E-04
958.000	 1.4558E-04
959.000	 1.4339E-04
960.000	 1.4118E-04
961.000	 1.3897E-04
962.000	 1.3676E-04
963.000	 1.3451E-04
964.000	 1.3225E-04
965.000	 1.2999E-04
966.000	 1.2776E-04
967.000	 1.2553E-04
968.000	 1.2332E-04
969.000	 1.2110E-04
970.000	 1.1892E-04
971.000	 1.1673E-04
972.000	 1.1454E-04
973.000	 1.1233E-04
974.000	 1.1015E-04
975.000	 1.0798E-04
976.000	 1.0582E-04
977.000	 1.0368E-04
978.000	 1.0158E-04
979.000	 9.9515E-05
980.000	 9.7444E-05
981.000	 9.5441E-05
982.000	 9.3484E-05
983.000	 9.1505E-05
984.000	 8.9594E-05
985.000	 8.7706E-05
986.000	 8.5842E-05
987.000	 8.3977E-05
988.000	 8.2112E-05
989.000	 8.0271E-05
990.000	 7.8475E-05
991.000	 7.6749E-05
992.000	 7.5022E-05
993.000	 7.3365E-05
994.000	 7.1753E-05
995.000	 7.0142E-05
996.000	 6.8554E-05
997.000	 6.6965E-05
998.000	 6.5400E-05
999.000	 6.3904E-05
1000.000	 6.2476E-05
1001.000	 6.1049E-05
1002.000	 5.9668E-05
1003.000	 5.8310E-05
1004.000	 5.6975E-05
1005.000	 5.5685E-05
1006.000	 5.4419E-05
1007.000	 5.3153E-05
1008.000	 5.1956E-05
1009.000	 5.0805E-05
1010.000	 4.9631E-05
1011.000	 4.8549E-05
1012.000	 4.7467E-05
1013.000	 4.6385E-05
1014.000	 4.5372E-05
1015.000	 4.4383E-05
1016.000	 4.3370E-05
1017.000	 4.2449E-05
1018.000	 4.1528E-05
1019.000	 4.0584E-05
1020.000	 3.9733E-05
1021.000	 3.8858E-05
1022.000	 3.8006E-05
1023.000	 3.7246E-05
1024.000	 3.6487E-05
1025.000	 3.5750E-05
1026.000	 3.5036E-05
1027.000	 3.4346E-05
1028.000	 3.3632E-05
1029.000	 3.2965E-05
1030.000	 3.2274E-05
1031.000	 3.1629E-05
1032.000	 3.1008E-05
1033.000	 3.0386E-05
1034.000	 2.9811E-05
1035.000	 2.9281E-05
1036.000	 2.8775E-05
1037.000	 2.8246E-05
1038.000	 2.7739E-05
1039.000	 2.7233E-05
1040.000	 2.6726E-05
1041.000	 2.6266E-05
1042.000	 2.5782E-05
