650.000	 8.9064E-05
651.000	 8.7315E-05
652.000	 8.5680E-05
653.000	 8.4230E-05
654.000	 8.2895E-05
655.000	 8.1606E-05
656.000	 8.0455E-05
657.000	 7.9442E-05
658.000	 7.8498E-05
659.000	 7.7716E-05
660.000	 7.7025E-05
661.000	 7.6380E-05
662.000	 7.5828E-05
663.000	 7.5414E-05
664.000	 7.5045E-05
665.000	 7.4700E-05
666.000	 7.4447E-05
667.000	 7.4286E-05
668.000	 7.4124E-05
669.000	 7.4032E-05
670.000	 7.3963E-05
671.000	 7.3940E-05
672.000	 7.3940E-05
673.000	 7.3986E-05
674.000	 7.3986E-05
675.000	 7.3917E-05
676.000	 7.3848E-05
677.000	 7.3802E-05
678.000	 7.3779E-05
679.000	 7.3687E-05
680.000	 7.3526E-05
681.000	 7.3342E-05
682.000	 7.3227E-05
683.000	 7.3042E-05
684.000	 7.2812E-05
685.000	 7.2674E-05
686.000	 7.2536E-05
687.000	 7.2283E-05
688.000	 7.2168E-05
689.000	 7.1961E-05
690.000	 7.1891E-05
691.000	 7.1868E-05
692.000	 7.1868E-05
693.000	 7.1891E-05
694.000	 7.1938E-05
695.000	 7.2053E-05
696.000	 7.2283E-05
697.000	 7.2467E-05
698.000	 7.2835E-05
699.000	 7.3227E-05
700.000	 7.3641E-05
701.000	 7.4101E-05
702.000	 7.4654E-05
703.000	 7.5252E-05
704.000	 7.5874E-05
705.000	 7.6495E-05
706.000	 7.7163E-05
707.000	 7.7946E-05
708.000	 7.8682E-05
709.000	 7.9419E-05
710.000	 8.0225E-05
711.000	 8.1122E-05
712.000	 8.2043E-05
713.000	 8.2918E-05
714.000	 8.3770E-05
715.000	 8.4714E-05
716.000	 8.5726E-05
717.000	 8.6670E-05
718.000	 8.7637E-05
719.000	 8.8719E-05
720.000	 8.9755E-05
721.000	 9.0768E-05
722.000	 9.1804E-05
723.000	 9.2886E-05
724.000	 9.3991E-05
725.000	 9.5142E-05
726.000	 9.6247E-05
727.000	 9.7375E-05
728.000	 9.8549E-05
729.000	 9.9723E-05
730.000	 1.0089E-04
731.000	 1.0209E-04
732.000	 1.0331E-04
733.000	 1.0451E-04
734.000	 1.0573E-04
735.000	 1.0695E-04
736.000	 1.0819E-04
737.000	 1.0943E-04
738.000	 1.1074E-04
739.000	 1.1199E-04
740.000	 1.1325E-04
741.000	 1.1454E-04
742.000	 1.1583E-04
743.000	 1.1714E-04
744.000	 1.1848E-04
745.000	 1.1977E-04
746.000	 1.2106E-04
747.000	 1.2240E-04
748.000	 1.2376E-04
749.000	 1.2514E-04
750.000	 1.2649E-04
751.000	 1.2785E-04
752.000	 1.2921E-04
753.000	 1.3057E-04
754.000	 1.3193E-04
755.000	 1.3331E-04
756.000	 1.3481E-04
757.000	 1.3609E-04
758.000	 1.3752E-04
759.000	 1.3883E-04
760.000	 1.4033E-04
761.000	 1.4173E-04
762.000	 1.4316E-04
763.000	 1.4463E-04
764.000	 1.4606E-04
765.000	 1.4749E-04
766.000	 1.4892E-04
767.000	 1.5044E-04
768.000	 1.5184E-04
769.000	 1.5327E-04
770.000	 1.5469E-04
771.000	 1.5619E-04
772.000	 1.5766E-04
773.000	 1.5909E-04
774.000	 1.6054E-04
775.000	 1.6201E-04
776.000	 1.6347E-04
777.000	 1.6496E-04
778.000	 1.6641E-04
779.000	 1.6798E-04
780.000	 1.6943E-04
781.000	 1.7085E-04
782.000	 1.7230E-04
783.000	 1.7378E-04
784.000	 1.7525E-04
785.000	 1.7682E-04
786.000	 1.7824E-04
787.000	 1.7974E-04
788.000	 1.8126E-04
789.000	 1.8280E-04
790.000	 1.8428E-04
791.000	 1.8577E-04
792.000	 1.8724E-04
793.000	 1.8869E-04
794.000	 1.9024E-04
795.000	 1.9176E-04
796.000	 1.9318E-04
797.000	 1.9470E-04
798.000	 1.9622E-04
799.000	 1.9770E-04
800.000	 1.9919E-04
801.000	 2.0064E-04
802.000	 2.0212E-04
803.000	 2.0361E-04
804.000	 2.0509E-04
805.000	 2.0656E-04
806.000	 2.0805E-04
807.000	 2.0953E-04
808.000	 2.1096E-04
809.000	 2.1241E-04
810.000	 2.1388E-04
811.000	 2.1533E-04
812.000	 2.1676E-04
813.000	 2.1818E-04
814.000	 2.1959E-04
815.000	 2.2106E-04
816.000	 2.2251E-04
817.000	 2.2394E-04
818.000	 2.2534E-04
819.000	 2.2670E-04
820.000	 2.2815E-04
821.000	 2.2958E-04
822.000	 2.3094E-04
823.000	 2.3229E-04
824.000	 2.3372E-04
825.000	 2.3506E-04
826.000	 2.3648E-04
827.000	 2.3787E-04
828.000	 2.3925E-04
829.000	 2.4054E-04
830.000	 2.4187E-04
831.000	 2.4318E-04
832.000	 2.4450E-04
833.000	 2.4585E-04
834.000	 2.4721E-04
835.000	 2.4855E-04
836.000	 2.4979E-04
837.000	 2.5108E-04
838.000	 2.5235E-04
839.000	 2.5363E-04
840.000	 2.5488E-04
841.000	 2.5617E-04
842.000	 2.5741E-04
843.000	 2.5858E-04
844.000	 2.5980E-04
845.000	 2.6102E-04
846.000	 2.6222E-04
847.000	 2.6339E-04
848.000	 2.6459E-04
849.000	 2.6581E-04
850.000	 2.6694E-04
851.000	 2.6807E-04
852.000	 2.6920E-04
853.000	 2.7030E-04
854.000	 2.7141E-04
855.000	 2.7260E-04
856.000	 2.7359E-04
857.000	 2.7472E-04
858.000	 2.7578E-04
859.000	 2.7684E-04
860.000	 2.7787E-04
861.000	 2.7886E-04
862.000	 2.7983E-04
863.000	 2.8084E-04
864.000	 2.8188E-04
865.000	 2.8282E-04
866.000	 2.8372E-04
867.000	 2.8469E-04
868.000	 2.8561E-04
869.000	 2.8658E-04
870.000	 2.8752E-04
871.000	 2.8842E-04
872.000	 2.8925E-04
873.000	 2.9008E-04
874.000	 2.9100E-04
875.000	 2.9185E-04
876.000	 2.9258E-04
877.000	 2.9341E-04
878.000	 2.9422E-04
879.000	 2.9498E-04
880.000	 2.9571E-04
881.000	 2.9645E-04
882.000	 2.9712E-04
883.000	 2.9783E-04
884.000	 2.9859E-04
885.000	 2.9926E-04
886.000	 2.9988E-04
887.000	 3.0060E-04
888.000	 3.0119E-04
889.000	 3.0175E-04
890.000	 3.0241E-04
891.000	 3.0306E-04
892.000	 3.0361E-04
893.000	 3.0409E-04
894.000	 3.0467E-04
895.000	 3.0529E-04
896.000	 3.0577E-04
897.000	 3.0626E-04
898.000	 3.0670E-04
899.000	 3.0711E-04
900.000	 3.0766E-04
901.000	 3.0812E-04
902.000	 3.0854E-04
903.000	 3.0893E-04
904.000	 3.0927E-04
905.000	 3.0967E-04
906.000	 3.1001E-04
907.000	 3.1026E-04
908.000	 3.1068E-04
909.000	 3.1093E-04
910.000	 3.1109E-04
911.000	 3.1141E-04
912.000	 3.1174E-04
913.000	 3.1199E-04
914.000	 3.1220E-04
915.000	 3.1238E-04
916.000	 3.1257E-04
917.000	 3.1266E-04
918.000	 3.1277E-04
919.000	 3.1273E-04
920.000	 3.1284E-04
921.000	 3.1303E-04
922.000	 3.1312E-04
923.000	 3.1312E-04
924.000	 3.1312E-04
925.000	 3.1312E-04
926.000	 3.1316E-04
927.000	 3.1314E-04
928.000	 3.1305E-04
929.000	 3.1307E-04
930.000	 3.1296E-04
931.000	 3.1291E-04
932.000	 3.1284E-04
933.000	 3.1270E-04
934.000	 3.1254E-04
935.000	 3.1236E-04
936.000	 3.1208E-04
937.000	 3.1190E-04
938.000	 3.1181E-04
939.000	 3.1153E-04
940.000	 3.1123E-04
941.000	 3.1102E-04
942.000	 3.1082E-04
943.000	 3.1047E-04
944.000	 3.1003E-04
945.000	 3.0969E-04
946.000	 3.0950E-04
947.000	 3.0911E-04
948.000	 3.0870E-04
949.000	 3.0833E-04
950.000	 3.0787E-04
951.000	 3.0741E-04
952.000	 3.0690E-04
953.000	 3.0647E-04
954.000	 3.0600E-04
955.000	 3.0531E-04
956.000	 3.0478E-04
957.000	 3.0426E-04
958.000	 3.0384E-04
959.000	 3.0322E-04
960.000	 3.0257E-04
961.000	 3.0209E-04
962.000	 3.0154E-04
963.000	 3.0087E-04
964.000	 3.0023E-04
965.000	 2.9967E-04
966.000	 2.9914E-04
967.000	 2.9848E-04
968.000	 2.9760E-04
969.000	 2.9696E-04
970.000	 2.9622E-04
971.000	 2.9553E-04
972.000	 2.9482E-04
973.000	 2.9403E-04
974.000	 2.9316E-04
975.000	 2.9217E-04
976.000	 2.9134E-04
977.000	 2.9060E-04
978.000	 2.8982E-04
979.000	 2.8888E-04
980.000	 2.8805E-04
981.000	 2.8706E-04
982.000	 2.8614E-04
983.000	 2.8529E-04
984.000	 2.8432E-04
985.000	 2.8326E-04
986.000	 2.8223E-04
987.000	 2.8128E-04
988.000	 2.8022E-04
989.000	 2.7930E-04
990.000	 2.7824E-04
991.000	 2.7723E-04
992.000	 2.7606E-04
993.000	 2.7484E-04
994.000	 2.7378E-04
995.000	 2.7274E-04
996.000	 2.7138E-04
997.000	 2.7009E-04
998.000	 2.6920E-04
999.000	 2.6788E-04
1000.000	 2.6648E-04
1001.000	 2.6540E-04
1002.000	 2.6418E-04
1003.000	 2.6284E-04
1004.000	 2.6153E-04
1005.000	 2.6017E-04
1006.000	 2.5904E-04
1007.000	 2.5785E-04
1008.000	 2.5635E-04
1009.000	 2.5502E-04
1010.000	 2.5340E-04
1011.000	 2.5205E-04
1012.000	 2.5069E-04
1013.000	 2.4915E-04
1014.000	 2.4765E-04
1015.000	 2.4641E-04
1016.000	 2.4516E-04
1017.000	 2.4355E-04
1018.000	 2.4176E-04
1019.000	 2.4056E-04
1020.000	 2.3890E-04
1021.000	 2.3731E-04
1022.000	 2.3577E-04
1023.000	 2.3416E-04
1024.000	 2.3248E-04
1025.000	 2.3089E-04
1026.000	 2.2958E-04
1027.000	 2.2769E-04
1028.000	 2.2645E-04
1029.000	 2.2419E-04
1030.000	 2.2247E-04
1031.000	 2.2099E-04
1032.000	 2.1908E-04
1033.000	 2.1673E-04
1034.000	 2.1468E-04
1035.000	 2.1333E-04
1036.000	 2.1178E-04
1037.000	 2.0992E-04
1038.000	 2.0822E-04
1039.000	 2.0587E-04
1040.000	 2.0437E-04
1041.000	 2.0218E-04
1042.000	 1.9961E-04
