350.040	164.480
350.410	159.540
350.770	153.790
351.130	149.040
351.500	144.010
351.860	138.850
352.220	134.710
352.580	129.920
352.950	125.240
353.310	121.360
353.670	116.290
354.030	112.660
354.400	108.330
354.760	104.050
355.120	100.380
355.480	96.390
355.850	92.890
356.210	89.280
356.570	85.350
356.930	82.360
357.300	78.910
357.660	75.580
358.020	72.560
358.390	69.290
358.750	66.550
359.110	63.690
359.470	60.560
359.840	58.210
360.200	55.410
360.560	52.840
360.920	50.430
361.290	48.010
361.650	45.920
362.010	43.740
362.370	41.540
362.740	39.570
363.100	37.560
363.460	35.720
363.830	33.860
364.190	32.100
364.550	30.470
364.910	28.790
365.280	27.170
365.640	25.680
366.000	24.170
366.360	22.830
366.730	21.450
367.090	20.270
367.450	19.030
367.810	17.780
368.180	16.680
368.540	15.600
368.900	14.550
369.270	13.630
369.630	12.640
369.990	11.690
370.350	10.770
370.720	9.860
371.080	8.990
371.440	8.230
371.800	7.400
372.170	6.640
372.530	5.850
372.890	5.140
373.250	4.440
373.620	3.780
373.980	3.130
374.340	2.450
374.700	1.870
375.070	1.250
375.430	0.680
375.790	0.150
376.160	-0.390
376.520	-0.930
376.880	-1.510
377.240	-2.000
377.610	-2.490
377.970	-3.030
378.330	-3.510
378.690	-3.950
379.060	-4.430
379.420	-4.860
379.780	-5.330
380.140	-5.730
380.510	-6.140
380.870	-6.640
381.230	-7.120
381.590	-7.630
381.950	-8.080
382.310	-8.540
382.660	-9.010
383.020	-9.470
383.380	-9.970
383.740	-10.480
384.100	-10.970
384.460	-11.510
384.820	-12.070
385.180	-12.670
385.540	-13.320
385.900	-13.930
386.250	-14.570
386.610	-15.190
386.970	-15.820
387.330	-16.440
387.690	-17.010
388.050	-17.640
388.410	-18.270
388.770	-18.830
389.130	-19.520
389.490	-20.190
389.840	-20.950
390.200	-21.760
390.560	-22.540
390.920	-23.360
391.280	-24.170
391.640	-24.900
392.000	-25.700
392.360	-26.480
392.720	-27.240
393.080	-28.060
393.430	-28.840
393.790	-29.680
394.150	-30.620
394.510	-31.440
394.870	-32.330
395.230	-33.140
395.590	-34.050
395.950	-34.940
396.310	-35.850
396.670	-36.840
397.020	-37.790
397.380	-38.660
397.740	-39.590
398.100	-40.510
398.460	-41.510
398.820	-42.410
399.180	-43.420
399.540	-44.370
399.900	-45.350
400.250	-46.300
400.610	-47.260
400.970	-48.160
401.330	-49.080
401.690	-49.940
402.050	-50.710
402.410	-51.760
402.770	-52.620
403.130	-53.570
403.490	-54.530
403.840	-55.410
404.200	-56.340
404.560	-57.090
404.920	-57.860
405.280	-58.740
405.640	-59.400
406.000	-60.170
406.360	-60.860
406.720	-61.430
407.080	-62.120
407.430	-62.730
407.790	-63.380
408.150	-63.990
408.510	-64.540
408.870	-65.240
409.230	-65.680
409.590	-66.200
409.950	-66.740
410.310	-67.170
410.670	-67.620
411.020	-67.900
411.380	-68.250
411.740	-68.550
412.100	-68.980
412.460	-69.370
412.820	-69.450
413.180	-69.740
413.540	-69.970
413.900	-70.080
414.260	-70.240
414.610	-70.260
414.970	-70.530
415.330	-70.680
415.690	-70.600
416.050	-70.700
416.400	-70.620
416.760	-70.780
417.110	-70.620
417.470	-70.600
417.820	-70.340
418.180	-70.320
418.530	-70.550
418.890	-70.530
419.240	-70.050
419.600	-70.150
419.950	-69.780
420.310	-69.460
420.660	-69.540
421.020	-69.120
421.370	-68.880
421.730	-68.660
422.080	-67.930
422.440	-67.440
422.790	-66.950
423.150	-66.070
423.500	-65.420
423.860	-64.460
424.210	-63.460
424.570	-62.180
424.920	-61.190
425.270	-60.030
425.630	-58.390
425.980	-56.440
426.340	-54.620
426.690	-52.690
427.050	-50.700
427.400	-48.890
427.760	-46.700
428.110	-44.550
428.470	-41.660
428.820	-38.730
429.180	-35.840
429.530	-32.340
429.890	-29.240
430.240	-25.750
430.600	-22.140
430.950	-18.720
431.310	-15.040
431.660	-11.040
432.020	-6.520
432.370	-2.050
432.730	3.180
433.080	7.900
433.430	12.560
433.790	17.270
434.140	21.900
434.500	26.260
434.850	31.440
435.210	36.690
435.560	42.560
435.920	48.040
436.270	53.710
436.630	58.960
436.980	63.970
437.340	69.420
437.690	74.960
438.050	79.760
438.400	85.930
438.760	90.270
439.110	95.270
439.470	100.410
439.820	104.710
440.180	110.490
440.530	115.450
440.890	119.940
441.240	125.050
441.600	127.760
441.950	131.820
442.300	134.720
442.660	136.390
443.010	140.710
443.370	141.440
443.720	143.420
444.080	145.810
444.430	144.830
444.790	146.110
445.140	145.230
445.500	145.020
445.850	145.170
446.210	142.760
446.560	142.130
446.920	140.610
447.270	137.850
447.630	135.730
447.980	131.570
448.340	128.590
448.690	125.440
449.050	121.620
449.400	118.470
449.760	114.370
450.110	110.400
450.470	106.300
450.820	101.370
451.170	96.910
451.520	92.400
451.870	87.600
452.220	83.000
452.570	78.040
452.920	73.700
453.270	68.950
453.630	64.270
453.980	59.740
454.330	55.330
454.680	51.200
455.030	47.050
455.380	42.910
455.730	39.240
456.080	35.500
456.430	31.890
456.780	28.490
457.130	25.460
457.480	22.730
457.830	20.140
458.180	17.820
458.540	15.780
458.890	13.770
459.240	11.970
459.590	10.170
459.940	8.510
460.290	6.980
460.640	5.420
460.990	4.020
461.340	2.730
461.690	1.520
462.040	0.470
462.390	-0.570
462.740	-1.430
463.100	-2.180
463.450	-2.880
463.800	-3.480
464.150	-4.020
464.500	-4.480
464.850	-4.890
465.200	-5.320
465.550	-5.670
465.900	-6.030
466.250	-6.370
466.600	-6.680
466.950	-6.980
467.300	-7.190
467.650	-7.450
468.010	-7.660
468.360	-7.830
468.710	-7.990
469.060	-8.100
469.410	-8.240
469.760	-8.360
470.110	-8.510
470.460	-8.660
470.810	-8.830
471.160	-8.910
471.510	-9.060
471.860	-9.170
472.210	-9.250
472.560	-9.370
472.920	-9.430
473.270	-9.450
473.620	-9.470
473.970	-9.540
474.320	-9.590
474.670	-9.600
475.020	-9.650
475.370	-9.650
475.720	-9.680
476.070	-9.720
476.420	-9.760
476.770	-9.790
477.120	-9.820
477.470	-9.830
477.830	-9.850
478.180	-9.870
478.530	-9.880
478.880	-9.860
479.230	-9.880
479.580	-9.870
479.930	-9.860
480.280	-9.870
480.630	-9.850
480.980	-9.830
481.330	-9.870
481.680	-9.830
482.030	-9.850
482.380	-9.860
482.740	-9.800
483.090	-9.800
483.440	-9.790
483.790	-9.740
484.140	-9.760
484.490	-9.720
484.840	-9.710
485.190	-9.690
485.540	-9.650
485.880	-9.630
486.230	-9.590
486.580	-9.560
486.920	-9.550
487.270	-9.540
487.620	-9.520
487.960	-9.470
488.310	-9.400
488.660	-9.290
489.010	-9.240
489.350	-9.200
489.700	-9.160
490.050	-9.110
490.390	-9.070
490.740	-9.010
491.090	-8.960
491.430	-8.900
491.780	-8.840
492.130	-8.750
492.470	-8.650
492.820	-8.570
493.170	-8.510
493.510	-8.430
493.860	-8.410
494.210	-8.320
494.550	-8.270
494.900	-8.190
495.250	-8.090
495.600	-8.030
495.940	-7.920
496.290	-7.820
496.640	-7.720
496.980	-7.570
497.330	-7.480
497.680	-7.400
498.020	-7.280
498.370	-7.250
498.720	-7.130
499.060	-7.010
499.410	-6.940
499.760	-6.810
500.100	-6.680
500.450	-6.550
500.800	-6.390
501.140	-6.260
501.490	-6.110
501.840	-6.030
502.180	-5.890
502.530	-5.780
502.880	-5.740
503.230	-5.590
503.570	-5.520
503.920	-5.460
504.270	-5.360
504.610	-5.270
504.960	-5.120
505.310	-5.000
505.650	-4.830
506.000	-4.710
506.350	-4.620
506.690	-4.470
507.040	-4.390
507.390	-4.240
507.730	-4.140
508.080	-4.040
508.430	-3.890
508.770	-3.830
509.120	-3.760
509.470	-3.650
509.820	-3.560
510.160	-3.480
510.510	-3.390
510.860	-3.320
511.200	-3.230
511.550	-3.110
511.900	-3.030
512.240	-2.930
512.590	-2.880
512.940	-2.780
513.280	-2.680
513.630	-2.600
513.980	-2.490
514.320	-2.420
514.670	-2.330
515.020	-2.300
515.360	-2.310
515.710	-2.230
516.060	-2.220
516.410	-2.230
516.750	-2.170
517.100	-2.190
517.450	-2.190
517.790	-2.100
518.140	-2.100
518.490	-2.100
518.830	-2.100
519.180	-2.080
519.520	-2.030
519.870	-1.960
520.210	-1.910
520.550	-1.910
520.890	-1.940
521.240	-1.960
521.580	-1.980
521.920	-2.030
522.270	-2.010
522.610	-2.120
522.950	-2.140
523.290	-2.170
523.640	-2.220
523.980	-2.170
524.320	-2.150
524.670	-2.190
525.010	-2.240
525.350	-2.280
525.690	-2.360
526.040	-2.410
526.380	-2.440
526.720	-2.500
527.070	-2.510
527.410	-2.600
527.750	-2.670
528.090	-2.680
528.440	-2.710
528.780	-2.780
529.120	-2.820
529.470	-2.880
529.810	-2.910
530.150	-2.910
530.490	-2.970
530.840	-2.990
531.180	-3.000
531.520	-3.050
531.870	-3.070
532.210	-3.110
532.550	-3.120
532.890	-3.120
533.240	-3.150
533.580	-3.160
533.920	-3.250
534.270	-3.310
534.610	-3.300
534.950	-3.330
535.290	-3.330
535.640	-3.380
535.980	-3.360
536.320	-3.380
536.670	-3.390
537.010	-3.340
537.350	-3.360
537.690	-3.360
538.040	-3.360
538.380	-3.360
538.720	-3.330
539.070	-3.320
539.410	-3.330
539.750	-3.340
540.090	-3.350
540.440	-3.360
540.780	-3.330
541.120	-3.340
541.470	-3.330
541.810	-3.300
542.150	-3.320
542.490	-3.250
542.840	-3.260
543.180	-3.240
543.520	-3.170
543.870	-3.180
544.210	-3.140
544.550	-3.110
544.890	-3.070
545.240	-2.990
545.580	-2.950
545.920	-2.880
546.270	-2.860
546.610	-2.770
546.950	-2.640
547.290	-2.580
547.640	-2.530
547.980	-2.490
548.320	-2.450
548.670	-2.390
549.010	-2.370
549.350	-2.300
549.690	-2.230
550.040	-2.160
550.380	-2.040
550.720	-1.940
551.070	-1.780
551.410	-1.600
551.750	-1.500
552.090	-1.380
552.440	-1.310
552.780	-1.240
553.120	-1.140
553.470	-1.100
553.810	-0.990
554.150	-0.910
554.490	-0.830
554.840	-0.710
555.180	-0.640
555.500	-0.570
555.880	-0.500
556.250	-0.410
556.630	-0.300
557.010	-0.210
557.380	-0.110
557.760	0.000
558.130	0.090
558.510	0.190
558.890	0.320
559.260	0.430
559.640	0.540
560.020	0.640
560.390	0.770
560.770	0.880
561.150	0.990
561.520	1.100
561.900	1.220
562.280	1.330
562.650	1.430
563.030	1.540
563.400	1.640
563.780	1.760
564.160	1.860
564.530	1.950
564.910	2.030
565.290	2.100
565.660	2.180
566.040	2.250
566.420	2.330
566.790	2.400
567.170	2.450
567.550	2.510
567.920	2.550
568.300	2.600
568.670	2.660
569.050	2.700
569.430	2.730
569.800	2.760
570.180	2.790
570.560	2.810
570.930	2.840
571.310	2.850
571.690	2.850
572.060	2.870
572.440	2.880
572.820	2.900
573.190	2.930
573.570	2.940
573.940	2.950
574.320	2.960
574.700	2.970
575.070	2.980
575.450	2.990
575.830	3.000
576.200	3.030
576.580	3.060
576.960	3.090
577.330	3.130
577.710	3.160
578.090	3.180
578.460	3.210
578.840	3.260
579.210	3.310
579.590	3.350
579.970	3.420
580.340	3.470
580.720	3.520
581.100	3.590
581.470	3.670
581.850	3.750
582.230	3.840
582.600	3.930
582.980	4.020
583.360	4.130
583.730	4.240
584.110	4.350
584.480	4.480
584.860	4.610
585.240	4.740
585.610	4.890
585.990	5.040
586.370	5.210
586.740	5.390
587.120	5.570
587.500	5.760
587.870	5.960
588.250	6.180
588.630	6.410
589.000	6.660
589.380	6.930
589.750	7.180
590.130	7.440
590.510	7.720
590.880	8.030
591.260	8.350
591.630	8.660
592.010	9.000
592.380	9.360
592.750	9.700
593.130	10.080
593.500	10.480
593.870	10.890
594.250	11.320
594.620	11.750
594.990	12.190
595.370	12.670
595.740	13.130
596.110	13.620
596.490	14.120
596.860	14.660
597.230	15.180
597.610	15.710
597.980	16.260
598.350	16.820
598.730	17.330
599.100	17.880
599.470	18.410
599.850	18.940
600.220	19.440
600.590	19.930
600.970	20.420
601.340	20.870
601.710	21.290
602.090	21.680
602.460	22.020
602.830	22.350
603.210	22.630
603.580	22.830
603.950	22.980
604.330	23.100
604.700	23.160
605.070	23.120
605.450	23.040
605.820	22.890
606.190	22.670
606.570	22.400
606.940	22.090
607.310	21.720
607.690	21.280
608.060	20.790
608.430	20.250
608.810	19.660
609.180	19.070
609.560	18.420
609.930	17.710
610.300	16.990
610.680	16.270
611.050	15.530
611.420	14.770
611.800	14.000
612.170	13.270
612.540	12.510
612.920	11.750
613.290	11.020
613.660	10.300
614.040	9.600
614.410	8.900
614.780	8.210
615.160	7.580
615.530	6.940
615.900	6.360
616.280	5.760
616.650	5.240
617.020	4.740
617.400	4.230
617.770	3.750
618.140	3.320
618.520	2.880
618.890	2.490
619.260	2.090
619.640	1.760
620.010	1.420
620.380	1.100
620.760	0.810
621.130	0.530
621.500	0.270
621.880	0.050
622.250	-0.200
622.620	-0.390
623.000	-0.590
623.370	-0.780
623.740	-0.950
624.120	-1.110
624.490	-1.270
624.860	-1.410
625.240	-1.540
625.610	-1.630
625.980	-1.740
626.360	-1.850
626.730	-1.950
627.100	-2.030
627.470	-2.120
627.840	-2.190
628.210	-2.260
628.580	-2.350
628.950	-2.410
629.320	-2.460
629.690	-2.520
630.060	-2.550
630.430	-2.610
630.800	-2.660
631.170	-2.690
631.540	-2.720
631.910	-2.760
632.280	-2.790
632.650	-2.840
633.020	-2.860
633.390	-2.880
633.760	-2.900
634.130	-2.930
634.500	-2.930
634.870	-2.960
635.240	-2.980
635.610	-3.020
635.980	-3.030
636.350	-3.040
636.720	-3.060
637.090	-3.070
637.460	-3.110
637.830	-3.130
638.200	-3.140
638.570	-3.150
638.940	-3.140
639.310	-3.160
639.680	-3.170
640.050	-3.180
640.420	-3.200
640.790	-3.210
641.160	-3.220
641.530	-3.230
641.900	-3.250
642.270	-3.270
642.640	-3.270
643.010	-3.300
643.380	-3.310
643.750	-3.310
644.120	-3.340
644.490	-3.340
644.860	-3.350
645.230	-3.360
645.600	-3.360
645.970	-3.390
646.340	-3.390
646.710	-3.410
647.080	-3.420
647.450	-3.420
647.820	-3.410
648.190	-3.420
648.560	-3.420
648.930	-3.440
649.300	-3.450
649.670	-3.450
650.040	-3.450
650.410	-3.450
650.780	-3.470
651.150	-3.480
651.520	-3.500
651.890	-3.490
652.260	-3.490
652.630	-3.500
653.000	-3.490
653.370	-3.490
653.740	-3.500
654.110	-3.490
654.480	-3.490
654.850	-3.480
655.220	-3.450
655.590	-3.470
655.960	-3.470
656.330	-3.480
656.700	-3.470
657.070	-3.450
657.440	-3.450
657.810	-3.450
658.180	-3.440
658.550	-3.430
658.920	-3.410
659.290	-3.410
659.660	-3.390
660.030	-3.380
660.400	-3.360
660.770	-3.340
661.140	-3.340
661.510	-3.320
661.880	-3.310
662.250	-3.300
662.610	-3.260
662.980	-3.250
663.350	-3.220
663.710	-3.200
664.080	-3.170
664.450	-3.150
664.810	-3.120
665.180	-3.090
665.550	-3.060
665.910	-3.030
666.280	-3.020
666.650	-2.980
667.010	-2.960
667.380	-2.940
667.750	-2.890
668.110	-2.850
668.480	-2.820
668.850	-2.800
669.210	-2.770
669.580	-2.730
669.950	-2.700
670.310	-2.660
670.680	-2.630
671.050	-2.600
671.410	-2.570
671.780	-2.540
672.150	-2.500
672.510	-2.460
672.880	-2.440
673.250	-2.400
673.610	-2.360
673.980	-2.330
674.350	-2.300
674.710	-2.260
675.080	-2.240
675.450	-2.190
675.810	-2.170
676.180	-2.150
676.550	-2.100
676.910	-2.080
677.280	-2.060
677.650	-2.030
678.010	-2.000
678.380	-1.990
678.750	-1.960
679.110	-1.950
679.480	-1.910
679.840	-1.880
680.210	-1.870
680.580	-1.850
680.940	-1.800
681.310	-1.790
681.680	-1.760
682.040	-1.730
682.410	-1.720
682.780	-1.700
683.140	-1.680
683.510	-1.640
683.880	-1.620
684.240	-1.590
684.610	-1.580
684.980	-1.560
685.340	-1.550
685.710	-1.530
686.080	-1.510
686.440	-1.490
686.810	-1.460
687.180	-1.450
687.540	-1.440
687.910	-1.410
688.280	-1.400
688.640	-1.370
689.010	-1.360
689.380	-1.350
689.740	-1.310
690.110	-1.310
690.480	-1.280
690.840	-1.270
691.210	-1.270
691.580	-1.240
691.940	-1.230
692.310	-1.230
692.680	-1.200
693.040	-1.200
693.410	-1.190
693.780	-1.170
694.140	-1.150
694.510	-1.140
694.880	-1.130
695.240	-1.100
695.610	-1.090
695.980	-1.080
696.340	-1.070
696.710	-1.040
697.070	-1.020
697.440	-1.010
697.800	-1.000
698.160	-1.000
698.530	-1.000
698.890	-0.990
699.250	-0.980
699.610	-0.970
 