  5.2000000e+002  1.8122825e+001
  5.2100000e+002  1.7832825e+001
  5.2200000e+002  1.7684562e+001
  5.2300000e+002  1.7363025e+001
  5.2400000e+002  1.7178513e+001
  5.2500000e+002  1.6939263e+001
  5.2600000e+002  1.6756200e+001
  5.2700000e+002  1.6481425e+001
  5.2800000e+002  1.6308150e+001
  5.2900000e+002  1.6077237e+001
  5.3000000e+002  1.5944200e+001
  5.3100000e+002  1.5783613e+001
  5.3200000e+002  1.5630638e+001
  5.3300000e+002  1.5510650e+001
  5.3400000e+002  1.5395737e+001
  5.3500000e+002  1.5317800e+001
  5.3600000e+002  1.5261250e+001
  5.3700000e+002  1.5213763e+001
  5.3800000e+002  1.5178238e+001
  5.3900000e+002  1.5190563e+001
  5.4000000e+002  1.5207963e+001
  5.4100000e+002  1.5234063e+001
  5.4200000e+002  1.5315262e+001
  5.4300000e+002  1.5402988e+001
  5.4400000e+002  1.5496875e+001
  5.4500000e+002  1.5614688e+001
  5.4600000e+002  1.5746638e+001
  5.4700000e+002  1.5912663e+001
  5.4800000e+002  1.6087025e+001
  5.4900000e+002  1.6287125e+001
  5.5000000e+002  1.6475262e+001
  5.5100000e+002  1.6677175e+001
  5.5200000e+002  1.6868212e+001
  5.5300000e+002  1.7044025e+001
  5.5400000e+002  1.7187575e+001
  5.5500000e+002  1.7317350e+001
  5.5600000e+002  1.7454013e+001
  5.5700000e+002  1.7610612e+001
  5.5800000e+002  1.7728787e+001
  5.5900000e+002  1.7751625e+001
  5.6000000e+002  1.7902425e+001
  5.6100000e+002  1.8007550e+001
  5.6200000e+002  1.8112675e+001
  5.6300000e+002  1.8187713e+001
  5.6400000e+002  1.8249337e+001
  5.6500000e+002  1.8270000e+001
  5.6600000e+002  1.8270363e+001
  5.6700000e+002  1.8256950e+001
  5.6800000e+002  1.8227950e+001
  5.6900000e+002  1.8189525e+001
  5.7000000e+002  1.8121012e+001
  5.7100000e+002  1.8082225e+001
  5.7200000e+002  1.8052500e+001
  5.7300000e+002  1.8004288e+001
  5.7400000e+002  1.7991238e+001
  5.7500000e+002  1.7995587e+001
  5.7600000e+002  1.8035100e+001
  5.7700000e+002  1.8089838e+001
  5.7800000e+002  1.8186263e+001
  5.7900000e+002  1.8324375e+001
  5.8000000e+002  1.8519400e+001
  5.8100000e+002  1.8760825e+001
  5.8200000e+002  1.9034150e+001
  5.8300000e+002  1.9392663e+001
  5.8400000e+002  1.9779087e+001
  5.8500000e+002  2.0276438e+001
  5.8600000e+002  2.0862962e+001
  5.8700000e+002  2.1477038e+001
  5.8800000e+002  2.2159988e+001
  5.8900000e+002  2.2991563e+001
  5.9000000e+002  2.3972125e+001
  5.9100000e+002  2.4992925e+001
  5.9200000e+002  2.6078975e+001
  5.9300000e+002  2.7405725e+001
  5.9400000e+002  2.8603063e+001
  5.9500000e+002  3.0024787e+001
  5.9600000e+002  3.1542938e+001
  5.9700000e+002  3.3369937e+001
  5.9800000e+002  3.4972187e+001
  5.9900000e+002  3.6902500e+001
  6.0000000e+002  3.8860000e+001
  6.0100000e+002  4.0668875e+001
  6.0200000e+002  4.2144250e+001
  6.0300000e+002  4.3217250e+001
  6.0400000e+002  4.3612375e+001
  6.0500000e+002  4.3304250e+001
  6.0600000e+002  4.2234875e+001
  6.0700000e+002  4.0433250e+001
  6.0800000e+002  3.8236500e+001
  6.0900000e+002  3.5531888e+001
  6.1000000e+002  3.2562650e+001
  6.1100000e+002  2.9487925e+001
  6.1200000e+002  2.6929400e+001
  6.1300000e+002  2.3983362e+001
  6.1400000e+002  2.1370825e+001
  6.1500000e+002  1.9037050e+001
  6.1600000e+002  1.6991100e+001
  6.1700000e+002  1.5078188e+001
  6.1800000e+002  1.3504213e+001
  6.1900000e+002  1.2037900e+001
  6.2000000e+002  1.0795250e+001
  6.2100000e+002  9.7980125e+000
  6.2200000e+002  8.9479500e+000
  6.2300000e+002  8.1711125e+000
  6.2400000e+002  7.5352875e+000
  6.2500000e+002  7.0194500e+000
  6.2600000e+002  6.5677750e+000
  6.2700000e+002  6.1487250e+000
  6.2800000e+002  5.8282750e+000
  6.2900000e+002  5.5433500e+000
  6.3000000e+002  5.3004750e+000
  6.3100000e+002  5.0800750e+000
  6.3200000e+002  4.9017250e+000
  6.3300000e+002  4.7117750e+000
  6.3400000e+002  4.5685875e+000
  6.3500000e+002  4.4315625e+000
  6.3600000e+002  4.3108500e+000
  6.3700000e+002  4.1970250e+000
  6.3800000e+002  4.1107500e+000
  6.3900000e+002  4.0157750e+000
  6.4000000e+002  3.9273250e+000
  6.4100000e+002  3.8541000e+000
  6.4200000e+002  3.7932000e+000
  6.4300000e+002  3.7246875e+000
  6.4400000e+002  3.6612500e+000
  6.4500000e+002  3.6053525e+000
  6.4600000e+002  3.5457213e+000
  6.4700000e+002  3.4864525e+000
  6.4800000e+002  3.4347963e+000
  6.4900000e+002  3.3818713e+000
  6.5000000e+002  3.3462013e+000
  6.5100000e+002  3.3052388e+000
  6.5200000e+002  3.2713088e+000
  6.5300000e+002  3.2353125e+000
  6.5400000e+002  3.2066388e+000
  6.5500000e+002  3.1756450e+000
  6.5600000e+002  3.1436725e+000
  6.5700000e+002  3.1110112e+000
  6.5800000e+002  3.0786400e+000
  6.5900000e+002  3.0504738e+000
  6.6000000e+002  3.0179938e+000
  6.6100000e+002  2.9856587e+000
  6.6200000e+002  2.9587250e+000
  6.6300000e+002  2.9277312e+000
  6.6400000e+002  2.9006163e+000
  6.6500000e+002  2.8741538e+000
  6.6600000e+002  2.8461325e+000
  6.6700000e+002  2.8209750e+000
  6.6800000e+002  2.7970500e+000
  6.6900000e+002  2.7752638e+000
  6.7000000e+002  2.7505412e+000
  6.7100000e+002  2.7291175e+000
  6.7200000e+002  2.7094700e+000
  6.7300000e+002  2.6874300e+000
  6.7400000e+002  2.6706825e+000
  6.7500000e+002  2.6551675e+000
  6.7600000e+002  2.6382388e+000
  6.7700000e+002  2.6177213e+000
  6.7800000e+002  2.6072450e+000
  6.7900000e+002  2.5870900e+000
  6.8000000e+002  2.5709950e+000
  6.8100000e+002  2.5587788e+000
  6.8200000e+002  2.5525075e+000
  6.8300000e+002  2.5382975e+000
  6.8400000e+002  2.5296337e+000
  6.8500000e+002  2.5139375e+000
  6.8600000e+002  2.5040050e+000
  6.8700000e+002  2.4924413e+000
  6.8800000e+002  2.4786300e+000
  6.8900000e+002  2.4716700e+000
  6.9000000e+002  2.4634412e+000
  6.9100000e+002  2.4519138e+000
  6.9200000e+002  2.4469837e+000
  6.9300000e+002  2.4436850e+000
  6.9400000e+002  2.4387550e+000
  6.9500000e+002  2.4287138e+000
  6.9600000e+002  2.4235662e+000
  6.9700000e+002  2.4117488e+000
  6.9800000e+002  2.4004750e+000
  6.9900000e+002  2.3927537e+000
  7.0000000e+002  2.3861200e+000
  7.0100000e+002  2.3832563e+000
  7.0200000e+002  2.3804650e+000
  7.0300000e+002  2.3758975e+000
  7.0400000e+002  2.3684663e+000
  7.0500000e+002  2.3593312e+000
  7.0600000e+002  2.3517913e+000
  7.0700000e+002  2.3465713e+000
  7.0800000e+002  2.3384875e+000
  7.0900000e+002  2.3273225e+000
  7.1000000e+002  2.3207975e+000
  7.1100000e+002  2.3099950e+000
  7.1200000e+002  2.3008238e+000
  7.1300000e+002  2.2911813e+000
  7.1400000e+002  2.2790375e+000
  7.1500000e+002  2.2634137e+000
  7.1600000e+002  2.2495300e+000
  7.1700000e+002  2.2391987e+000
  7.1800000e+002  2.2263662e+000
  7.1900000e+002  2.2123375e+000
  7.2000000e+002  2.1996138e+000
  7.2100000e+002  2.1892100e+000
  7.2200000e+002  2.1837000e+000
  7.2300000e+002  2.1738400e+000
  7.2400000e+002  2.1617687e+000
  7.2500000e+002  2.1449488e+000
  7.2600000e+002  2.1355600e+000
  7.2700000e+002  2.1217125e+000
  7.2800000e+002  2.1113450e+000
  7.2900000e+002  2.1021013e+000
  7.3000000e+002  2.0912988e+000
  7.3100000e+002  2.0793000e+000
  7.3200000e+002  2.0697300e+000
  7.3300000e+002  2.0622625e+000
  7.3400000e+002  2.0530913e+000
  7.3500000e+002  2.0422163e+000
  7.3600000e+002  2.0349300e+000
  7.3700000e+002  2.0260488e+000
  7.3800000e+002  2.0110050e+000
  7.3900000e+002  1.9978825e+000
  7.4000000e+002  1.9941125e+000
  7.4100000e+002  1.9883850e+000
  7.4200000e+002  1.9815338e+000
  7.4300000e+002  1.9686287e+000
  7.4400000e+002  1.9612338e+000
  7.4500000e+002  1.9560138e+000
  7.4600000e+002  1.9485462e+000
  7.4700000e+002  1.9374900e+000
  7.4800000e+002  1.9330675e+000
  7.4900000e+002  1.9259263e+000
  7.5000000e+002  1.9213225e+000
  7.5100000e+002  1.9159937e+000
  7.5200000e+002  1.9123325e+000
  7.5300000e+002  1.9065325e+000
  7.5400000e+002  1.8962375e+000
  7.5500000e+002  1.8901475e+000
  7.5600000e+002  1.8861600e+000
  7.5700000e+002  1.8798163e+000
  7.5800000e+002  1.8740888e+000
  7.5900000e+002  1.8699200e+000
  7.6000000e+002  1.8658963e+000
  7.6100000e+002  1.8592625e+000
  7.6200000e+002  1.8564713e+000
  7.6300000e+002  1.8546588e+000
  7.6400000e+002  1.8504900e+000
  7.6500000e+002  1.8470463e+000
  7.6600000e+002  1.8432400e+000
  7.6700000e+002  1.8374038e+000
  7.6800000e+002  1.8355188e+000
  7.6900000e+002  1.8309150e+000
  7.7000000e+002  1.8272900e+000
  7.7100000e+002  1.8263475e+000
  7.7200000e+002  1.8232663e+000
  7.7300000e+002  1.8196050e+000
  7.7400000e+002  1.8159438e+000
  7.7500000e+002  1.8127900e+000
  7.7600000e+002  1.8095275e+000
  7.7700000e+002  1.8066638e+000
  7.7800000e+002  1.8024588e+000
  7.7900000e+002  1.7986525e+000
  7.8000000e+002  1.7944837e+000
  7.8100000e+002  1.7902063e+000
  7.8200000e+002  1.7864362e+000
  7.8300000e+002  1.7817238e+000
  7.8400000e+002  1.7763225e+000
  7.8500000e+002  1.7708488e+000
  7.8600000e+002  1.7647587e+000
  7.8700000e+002  1.7600825e+000
  7.8800000e+002  1.7540650e+000
  7.8900000e+002  1.7485913e+000
  7.9000000e+002  1.7428637e+000
  7.9100000e+002  1.7377163e+000
  7.9200000e+002  1.7322425e+000
  7.9300000e+002  1.7254275e+000
  7.9400000e+002  1.7205700e+000
  7.9500000e+002  1.7141537e+000
  7.9600000e+002  1.7081362e+000
  7.9700000e+002  1.7023000e+000
  7.9800000e+002  1.6938175e+000
  7.9900000e+002  1.6917513e+000
  8.0000000e+002  1.6858425e+000
  8.0100000e+002  1.6803325e+000
  8.0200000e+002  1.6749675e+000
  8.0300000e+002  1.6692763e+000
  8.0400000e+002  1.6667025e+000
  8.0500000e+002  1.6610113e+000
  8.0600000e+002  1.6559725e+000
  8.0700000e+002  1.6512238e+000
  8.0800000e+002  1.6472725e+000
  8.0900000e+002  1.6436838e+000
  8.1000000e+002  1.6424512e+000
  8.1100000e+002  1.6390800e+000
  8.1200000e+002  1.6369775e+000
  8.1300000e+002  1.6327363e+000
  8.1400000e+002  1.6289662e+000
  8.1500000e+002  1.6257038e+000
  8.1600000e+002  1.6237462e+000
  8.1700000e+002  1.6198313e+000
  8.1800000e+002  1.6160250e+000
  8.1900000e+002  1.6120375e+000
  8.2000000e+002  1.6091375e+000
  8.2100000e+002  1.6049688e+000
  8.2200000e+002  1.6023588e+000
  8.2300000e+002  1.5973925e+000
  8.2400000e+002  1.5961963e+000
  8.2500000e+002  1.5948188e+000
  8.2600000e+002  1.5928612e+000
  8.2700000e+002  1.5901063e+000
  8.2800000e+002  1.5877863e+000
  8.2900000e+002  1.5856112e+000
  8.3000000e+002  1.5855750e+000
  8.3100000e+002  1.5830738e+000
  8.3200000e+002  1.5835450e+000
  8.3300000e+002  1.5795213e+000
  8.3400000e+002  1.5799200e+000
  8.3500000e+002  1.5806450e+000
  8.3600000e+002  1.5814788e+000
  8.3700000e+002  1.5797388e+000
  8.3800000e+002  1.5778538e+000
  8.3900000e+002  1.5769475e+000
  8.4000000e+002  1.5753887e+000
  8.4100000e+002  1.5759325e+000
  8.4200000e+002  1.5758600e+000
  8.4300000e+002  1.5722713e+000
  8.4400000e+002  1.5741925e+000
  8.4500000e+002  1.5723800e+000
  8.4600000e+002  1.5699512e+000
  8.4700000e+002  1.5699875e+000
  8.4800000e+002  1.5717637e+000
  8.4900000e+002  1.5716188e+000
  8.5000000e+002  1.5739387e+000
  8.5100000e+002  1.5697337e+000
  8.5200000e+002  1.5717637e+000
  8.5300000e+002  1.5713650e+000
  8.5400000e+002  1.5725250e+000
  8.5500000e+002  1.5686463e+000
  8.5600000e+002  1.5688638e+000
  8.5700000e+002  1.5687550e+000
  8.5800000e+002  1.5698425e+000
  8.5900000e+002  1.5655287e+000
  8.6000000e+002  1.5630638e+000
  8.6100000e+002  1.5644775e+000
  8.6200000e+002  1.5618675e+000
  8.6300000e+002  1.5584962e+000
  8.6400000e+002  1.5541463e+000
  8.6500000e+002  1.5557050e+000
  8.6600000e+002  1.5611062e+000
  8.6700000e+002  1.5597650e+000
  8.6800000e+002  1.5607075e+000
  8.6900000e+002  1.5591850e+000
  8.7000000e+002  1.5595838e+000
  8.7100000e+002  1.5572637e+000
  8.7200000e+002  1.5545088e+000
  8.7300000e+002  1.5573725e+000
  8.7400000e+002  1.5577713e+000
  8.7500000e+002  1.5570463e+000
  8.7600000e+002  1.5583150e+000
  8.7700000e+002  1.5575538e+000
  8.7800000e+002  1.5599825e+000
  8.7900000e+002  1.5589313e+000
  8.8000000e+002  1.5607438e+000
  8.8100000e+002  1.5611788e+000
  8.8200000e+002  1.5640425e+000
  8.8300000e+002  1.5638613e+000
  8.8400000e+002  1.5642600e+000
  8.8500000e+002  1.5627738e+000
  8.8600000e+002  1.5612513e+000
  8.8700000e+002  1.5623750e+000
  8.8800000e+002  1.5620850e+000
  8.8900000e+002  1.5616862e+000
  8.9000000e+002  1.5649850e+000
  8.9100000e+002  1.5655287e+000
  8.9200000e+002  1.5673775e+000
  8.9300000e+002  1.5668338e+000
  8.9400000e+002  1.5691537e+000
  8.9500000e+002  1.5669425e+000
  8.9600000e+002  1.5673775e+000
  8.9700000e+002  1.5693713e+000
  8.9800000e+002  1.5691175e+000
  8.9900000e+002  1.5686825e+000
  9.0000000e+002  1.5703863e+000
  9.0100000e+002  1.5696250e+000
  9.0200000e+002  1.5716188e+000
  9.0300000e+002  1.5689000e+000
  9.0400000e+002  1.5686463e+000
  9.0500000e+002  1.5681750e+000
  9.0600000e+002  1.5668338e+000
  9.0700000e+002  1.5699150e+000
  9.0800000e+002  1.5671963e+000
  9.0900000e+002  1.5728513e+000
  9.1000000e+002  1.5681387e+000
  9.1100000e+002  1.5695162e+000
  9.1200000e+002  1.5670513e+000
  9.1300000e+002  1.5728875e+000
  9.1400000e+002  1.5704950e+000
  9.1500000e+002  1.5680300e+000
  9.1600000e+002  1.5653112e+000
  9.1700000e+002  1.5627738e+000
  9.1800000e+002  1.5586413e+000
  9.1900000e+002  1.5546537e+000
  9.2000000e+002  1.5462800e+000
  9.2100000e+002  1.5544725e+000
  9.2200000e+002  1.5475125e+000
  9.2300000e+002  1.5534575e+000
  9.2400000e+002  1.5485275e+000
  9.2500000e+002  1.5460262e+000
  9.2600000e+002  1.5472950e+000
  9.2700000e+002  1.5431263e+000
  9.2800000e+002  1.5401175e+000
  9.2900000e+002  1.5438150e+000
  9.3000000e+002  1.5404437e+000
  9.3100000e+002  1.5401175e+000
  9.3200000e+002  1.5311275e+000
  9.3300000e+002  1.5291338e+000
  9.3400000e+002  1.5265963e+000
  9.3500000e+002  1.5258350e+000
  9.3600000e+002  1.5223187e+000
  9.3700000e+002  1.5149963e+000
  9.3800000e+002  1.5198175e+000
  9.3900000e+002  1.5236238e+000
  9.4000000e+002  1.5268863e+000
  9.4100000e+002  1.5253275e+000
  9.4200000e+002  1.5229350e+000
  9.4300000e+002  1.5264150e+000
  9.4400000e+002  1.5266325e+000
  9.4500000e+002  1.5275750e+000
  9.4600000e+002  1.5355138e+000
  9.4700000e+002  1.5372538e+000
  9.4800000e+002  1.5329038e+000
  9.4900000e+002  1.5334112e+000
  9.5000000e+002  1.5260163e+000
  9.5100000e+002  1.5271038e+000
  9.5200000e+002  1.5146338e+000
  9.5300000e+002  1.5184763e+000
  9.5400000e+002  1.5060787e+000
  9.5500000e+002  1.5003875e+000
  9.5600000e+002  1.4761362e+000
  9.5700000e+002  1.4783475e+000
  9.5800000e+002  1.4624700e+000
  9.5900000e+002  1.4535888e+000
  9.6000000e+002  1.4406112e+000
  9.6100000e+002  1.4506162e+000
  9.6200000e+002  1.4353550e+000
  9.6300000e+002  1.4293738e+000
  9.6400000e+002  1.4347388e+000
  9.6500000e+002  1.4394513e+000
  9.6600000e+002  1.4317662e+000
  9.6700000e+002  1.4383637e+000
  9.6800000e+002  1.4333250e+000
  9.6900000e+002  1.4391250e+000
  9.7000000e+002  1.4325275e+000
  9.7100000e+002  1.4315487e+000
  9.7200000e+002  1.4285763e+000
  9.7300000e+002  1.4227763e+000
  9.7400000e+002  1.4241538e+000
  9.7500000e+002  1.4217250e+000
  9.7600000e+002  1.4217250e+000
  9.7700000e+002  1.4266913e+000
  9.7800000e+002  1.4181000e+000
  9.7900000e+002  1.4164325e+000
  9.8000000e+002  1.4132425e+000
  9.8100000e+002  1.4134962e+000
  9.8200000e+002  1.4140038e+000
  9.8300000e+002  1.4137138e+000
  9.8400000e+002  1.4118288e+000
  9.8500000e+002  1.4108862e+000
  9.8600000e+002  1.4196588e+000
  9.8700000e+002  1.4118288e+000
  9.8800000e+002  1.4225588e+000
  9.8900000e+002  1.4163963e+000
  9.9000000e+002  1.4306425e+000
  9.9100000e+002  1.4273800e+000
  9.9200000e+002  1.4237187e+000
  9.9300000e+002  1.4296638e+000
  9.9400000e+002  1.4344488e+000
  9.9500000e+002  1.4339775e+000
  9.9600000e+002  1.4335425e+000
  9.9700000e+002  1.4324913e+000
  9.9800000e+002  1.4416988e+000
  9.9900000e+002  1.4494925e+000
