  5.2000000e+002  2.3837638e+001
  5.2100000e+002  2.3355875e+001
  5.2200000e+002  2.2957487e+001
  5.2300000e+002  2.2599338e+001
  5.2400000e+002  2.2389450e+001
  5.2500000e+002  2.2167600e+001
  5.2600000e+002  2.2066463e+001
  5.2700000e+002  2.1899713e+001
  5.2800000e+002  2.1751450e+001
  5.2900000e+002  2.1648863e+001
  5.3000000e+002  2.1596300e+001
  5.3100000e+002  2.1517637e+001
  5.3200000e+002  2.1457100e+001
  5.3300000e+002  2.1354150e+001
  5.3400000e+002  2.1293612e+001
  5.3500000e+002  2.1252288e+001
  5.3600000e+002  2.1213137e+001
  5.3700000e+002  2.1160575e+001
  5.3800000e+002  2.1133750e+001
  5.3900000e+002  2.1098225e+001
  5.4000000e+002  2.1096050e+001
  5.4100000e+002  2.1051463e+001
  5.4200000e+002  2.1016662e+001
  5.4300000e+002  2.0958300e+001
  5.4400000e+002  2.0911900e+001
  5.4500000e+002  2.0848825e+001
  5.4600000e+002  2.0800613e+001
  5.4700000e+002  2.0732463e+001
  5.4800000e+002  2.0643288e+001
  5.4900000e+002  2.0557375e+001
  5.5000000e+002  2.0430138e+001
  5.5100000e+002  2.0277525e+001
  5.5200000e+002  2.0156450e+001
  5.5300000e+002  1.9999850e+001
  5.5400000e+002  1.9828025e+001
  5.5500000e+002  1.9639525e+001
  5.5600000e+002  1.9466250e+001
  5.5700000e+002  1.9244038e+001
  5.5800000e+002  1.9049737e+001
  5.5900000e+002  1.8822813e+001
  5.6000000e+002  1.8608938e+001
  5.6100000e+002  1.8363888e+001
  5.6200000e+002  1.8100713e+001
  5.6300000e+002  1.7908587e+001
  5.6400000e+002  1.7722987e+001
  5.6500000e+002  1.7543187e+001
  5.6600000e+002  1.7371000e+001
  5.6700000e+002  1.7212950e+001
  5.6800000e+002  1.7087525e+001
  5.6900000e+002  1.6974788e+001
  5.7000000e+002  1.6882350e+001
  5.7100000e+002  1.6803687e+001
  5.7200000e+002  1.6748950e+001
  5.7300000e+002  1.6706538e+001
  5.7400000e+002  1.6712338e+001
  5.7500000e+002  1.6732275e+001
  5.7600000e+002  1.6780488e+001
  5.7700000e+002  1.6851537e+001
  5.7800000e+002  1.6937450e+001
  5.7900000e+002  1.7070125e+001
  5.8000000e+002  1.7228900e+001
  5.8100000e+002  1.7390938e+001
  5.8200000e+002  1.7563850e+001
  5.8300000e+002  1.7785700e+001
  5.8400000e+002  1.8012262e+001
  5.8500000e+002  1.8270363e+001
  5.8600000e+002  1.8528463e+001
  5.8700000e+002  1.8785475e+001
  5.8800000e+002  1.9044300e+001
  5.8900000e+002  1.9326687e+001
  5.9000000e+002  1.9603638e+001
  5.9100000e+002  1.9854488e+001
  5.9200000e+002  2.0083950e+001
  5.9300000e+002  2.0325737e+001
  5.9400000e+002  2.0524750e+001
  5.9500000e+002  2.0707812e+001
  5.9600000e+002  2.0857525e+001
  5.9700000e+002  2.0975337e+001
  5.9800000e+002  2.1043125e+001
  5.9900000e+002  2.1081187e+001
  6.0000000e+002  2.1039500e+001
  6.0100000e+002  2.0902113e+001
  6.0200000e+002  2.0722675e+001
  6.0300000e+002  2.0435212e+001
  6.0400000e+002  2.0065825e+001
  6.0500000e+002  1.9611250e+001
  6.0600000e+002  1.9084538e+001
  6.0700000e+002  1.8492938e+001
  6.0800000e+002  1.7903875e+001
  6.0900000e+002  1.7282550e+001
  6.1000000e+002  1.6598512e+001
  6.1100000e+002  1.5941663e+001
  6.1200000e+002  1.5336287e+001
  6.1300000e+002  1.4694663e+001
  6.1400000e+002  1.4089650e+001
  6.1500000e+002  1.3528500e+001
  6.1600000e+002  1.2995263e+001
  6.1700000e+002  1.2462388e+001
  6.1800000e+002  1.2030650e+001
  6.1900000e+002  1.1589125e+001
  6.2000000e+002  1.1172975e+001
  6.2100000e+002  1.0801775e+001
  6.2200000e+002  1.0479513e+001
  6.2300000e+002  1.0156525e+001
  6.2400000e+002  9.8839250e+000
  6.2500000e+002  9.6222000e+000
  6.2600000e+002  9.3836750e+000
  6.2700000e+002  9.1498625e+000
  6.2800000e+002  8.9577375e+000
  6.2900000e+002  8.7674250e+000
  6.3000000e+002  8.5966875e+000
  6.3100000e+002  8.4324750e+000
  6.3200000e+002  8.2867500e+000
  6.3300000e+002  8.1388500e+000
  6.3400000e+002  8.0170500e+000
  6.3500000e+002  7.9021375e+000
  6.3600000e+002  7.7988250e+000
  6.3700000e+002  7.6904375e+000
  6.3800000e+002  7.6128625e+000
  6.3900000e+002  7.5240500e+000
  6.4000000e+002  7.4497375e+000
  6.4100000e+002  7.3754250e+000
  6.4200000e+002  7.3098125e+000
  6.4300000e+002  7.2539875e+000
  6.4400000e+002  7.1978000e+000
  6.4500000e+002  7.1506750e+000
  6.4600000e+002  7.0977500e+000
  6.4700000e+002  7.0419250e+000
  6.4800000e+002  7.0009625e+000
  6.4900000e+002  6.9538375e+000
  6.5000000e+002  6.9074375e+000
  6.5100000e+002  6.8519750e+000
  6.5200000e+002  6.8070250e+000
  6.5300000e+002  6.7606250e+000
  6.5400000e+002  6.7153125e+000
  6.5500000e+002  6.6656500e+000
  6.5600000e+002  6.6130875e+000
  6.5700000e+002  6.5536375e+000
  6.5800000e+002  6.4945500e+000
  6.5900000e+002  6.4303875e+000
  6.6000000e+002  6.3546250e+000
  6.6100000e+002  6.2832125e+000
  6.6200000e+002  6.2027375e+000
  6.6300000e+002  6.1132000e+000
  6.6400000e+002  6.0207625e+000
  6.6500000e+002  5.9192625e+000
  6.6600000e+002  5.8155875e+000
  6.6700000e+002  5.7057500e+000
  6.6800000e+002  5.6009875e+000
  6.6900000e+002  5.4886125e+000
  6.7000000e+002  5.3740625e+000
  6.7100000e+002  5.2664000e+000
  6.7200000e+002  5.1641750e+000
  6.7300000e+002  5.0441875e+000
  6.7400000e+002  4.9503000e+000
  6.7500000e+002  4.8564125e+000
  6.7600000e+002  4.7545500e+000
  6.7700000e+002  4.6519625e+000
  6.7800000e+002  4.5729375e+000
  6.7900000e+002  4.4783250e+000
  6.8000000e+002  4.3819000e+000
  6.8100000e+002  4.2981625e+000
  6.8200000e+002  4.2340000e+000
  6.8300000e+002  4.1582375e+000
  6.8400000e+002  4.0882750e+000
  6.8500000e+002  4.0165000e+000
  6.8600000e+002  3.9527000e+000
  6.8700000e+002  3.8870875e+000
  6.8800000e+002  3.8298125e+000
  6.8900000e+002  3.7761625e+000
  6.9000000e+002  3.7268625e+000
  6.9100000e+002  3.6790125e+000
  6.9200000e+002  3.6358750e+000
  6.9300000e+002  3.5946225e+000
  6.9400000e+002  3.5545300e+000
  6.9500000e+002  3.5130600e+000
  6.9600000e+002  3.4784775e+000
  6.9700000e+002  3.4369713e+000
  6.9800000e+002  3.4038025e+000
  6.9900000e+002  3.3761075e+000
  7.0000000e+002  3.3501888e+000
  7.0100000e+002  3.3285475e+000
  7.0200000e+002  3.3141200e+000
  7.0300000e+002  3.2955600e+000
  7.0400000e+002  3.2782688e+000
  7.0500000e+002  3.2632975e+000
  7.0600000e+002  3.2488338e+000
  7.0700000e+002  3.2341525e+000
  7.0800000e+002  3.2250537e+000
  7.0900000e+002  3.2152300e+000
  7.1000000e+002  3.2092850e+000
  7.1100000e+002  3.2009112e+000
  7.1200000e+002  3.1970325e+000
  7.1300000e+002  3.1940237e+000
  7.1400000e+002  3.1884412e+000
  7.1500000e+002  3.1863388e+000
  7.1600000e+002  3.1821700e+000
  7.1700000e+002  3.1827500e+000
  7.1800000e+002  3.1842000e+000
  7.1900000e+002  3.1833300e+000
  7.2000000e+002  3.1845262e+000
  7.2100000e+002  3.1886225e+000
  7.2200000e+002  3.1975763e+000
  7.2300000e+002  3.2025425e+000
  7.2400000e+002  3.2068200e+000
  7.2500000e+002  3.2100825e+000
  7.2600000e+002  3.2182025e+000
  7.2700000e+002  3.2217912e+000
  7.2800000e+002  3.2262137e+000
  7.2900000e+002  3.2332825e+000
  7.3000000e+002  3.2388650e+000
  7.3100000e+002  3.2444113e+000
  7.3200000e+002  3.2513713e+000
  7.3300000e+002  3.2602163e+000
  7.3400000e+002  3.2672487e+000
  7.3500000e+002  3.2738463e+000
  7.3600000e+002  3.2812050e+000
  7.3700000e+002  3.2887813e+000
  7.3800000e+002  3.2968650e+000
  7.3900000e+002  3.3055288e+000
  7.4000000e+002  3.3174187e+000
  7.4100000e+002  3.3275325e+000
  7.4200000e+002  3.3375012e+000
  7.4300000e+002  3.3474700e+000
  7.4400000e+002  3.3555900e+000
  7.4500000e+002  3.3676975e+000
  7.4600000e+002  3.3795150e+000
  7.4700000e+002  3.3905712e+000
  7.4800000e+002  3.4013012e+000
  7.4900000e+002  3.4099288e+000
  7.5000000e+002  3.4223262e+000
  7.5100000e+002  3.4355575e+000
  7.5200000e+002  3.4465050e+000
  7.5300000e+002  3.4594100e+000
  7.5400000e+002  3.4673488e+000
  7.5500000e+002  3.4783325e+000
  7.5600000e+002  3.4917450e+000
  7.5700000e+002  3.5021850e+000
  7.5800000e+002  3.5128788e+000
  7.5900000e+002  3.5244425e+000
  7.6000000e+002  3.5374200e+000
  7.6100000e+002  3.5488025e+000
  7.6200000e+002  3.5602575e+000
  7.6300000e+002  3.5756275e+000
  7.6400000e+002  3.5858863e+000
  7.6500000e+002  3.5990812e+000
  7.6600000e+002  3.6106812e+000
  7.6700000e+002  3.6235500e+000
  7.6800000e+002  3.6340625e+000
  7.6900000e+002  3.6449375e+000
  7.7000000e+002  3.6554500e+000
  7.7100000e+002  3.6674125e+000
  7.7200000e+002  3.6782875e+000
  7.7300000e+002  3.6884375e+000
  7.7400000e+002  3.6964125e+000
  7.7500000e+002  3.7065625e+000
  7.7600000e+002  3.7181625e+000
  7.7700000e+002  3.7294000e+000
  7.7800000e+002  3.7373750e+000
  7.7900000e+002  3.7464375e+000
  7.8000000e+002  3.7555000e+000
  7.8100000e+002  3.7649250e+000
  7.8200000e+002  3.7739875e+000
  7.8300000e+002  3.7841375e+000
  7.8400000e+002  3.7913875e+000
  7.8500000e+002  3.7982750e+000
  7.8600000e+002  3.8055250e+000
  7.8700000e+002  3.8145875e+000
  7.8800000e+002  3.8222000e+000
  7.8900000e+002  3.8276375e+000
  7.9000000e+002  3.8352500e+000
  7.9100000e+002  3.8425000e+000
  7.9200000e+002  3.8504750e+000
  7.9300000e+002  3.8559125e+000
  7.9400000e+002  3.8624375e+000
  7.9500000e+002  3.8675125e+000
  7.9600000e+002  3.8722250e+000
  7.9700000e+002  3.8780250e+000
  7.9800000e+002  3.8783875e+000
  7.9900000e+002  3.8870875e+000
  8.0000000e+002  3.8910750e+000
  8.0100000e+002  3.8979625e+000
  8.0200000e+002  3.9001375e+000
  8.0300000e+002  3.9030375e+000
  8.0400000e+002  3.9077500e+000
  8.0500000e+002  3.9128250e+000
  8.0600000e+002  3.9153625e+000
  8.0700000e+002  3.9193500e+000
  8.0800000e+002  3.9204375e+000
  8.0900000e+002  3.9255125e+000
  8.1000000e+002  3.9305875e+000
  8.1100000e+002  3.9334875e+000
  8.1200000e+002  3.9353000e+000
  8.1300000e+002  3.9374750e+000
  8.1400000e+002  3.9374750e+000
  8.1500000e+002  3.9403750e+000
  8.1600000e+002  3.9425500e+000
  8.1700000e+002  3.9432750e+000
  8.1800000e+002  3.9440000e+000
  8.1900000e+002  3.9443625e+000
  8.2000000e+002  3.9447250e+000
  8.2100000e+002  3.9443625e+000
  8.2200000e+002  3.9425500e+000
  8.2300000e+002  3.9392875e+000
  8.2400000e+002  3.9400125e+000
  8.2500000e+002  3.9396500e+000
  8.2600000e+002  3.9389250e+000
  8.2700000e+002  3.9371125e+000
  8.2800000e+002  3.9353000e+000
  8.2900000e+002  3.9338500e+000
  8.3000000e+002  3.9320375e+000
  8.3100000e+002  3.9295000e+000
  8.3200000e+002  3.9273250e+000
  8.3300000e+002  3.9244250e+000
  8.3400000e+002  3.9229750e+000
  8.3500000e+002  3.9218875e+000
  8.3600000e+002  3.9215250e+000
  8.3700000e+002  3.9197125e+000
  8.3800000e+002  3.9131875e+000
  8.3900000e+002  3.9066625e+000
  8.4000000e+002  3.9023125e+000
  8.4100000e+002  3.8990500e+000
  8.4200000e+002  3.8947000e+000
  8.4300000e+002  3.8892625e+000
  8.4400000e+002  3.8870875e+000
  8.4500000e+002  3.8827375e+000
  8.4600000e+002  3.8740375e+000
  8.4700000e+002  3.8682375e+000
  8.4800000e+002  3.8649750e+000
  8.4900000e+002  3.8609875e+000
  8.5000000e+002  3.8548250e+000
  8.5100000e+002  3.8457625e+000
  8.5200000e+002  3.8374250e+000
  8.5300000e+002  3.8301750e+000
  8.5400000e+002  3.8254625e+000
  8.5500000e+002  3.8178500e+000
  8.5600000e+002  3.8098750e+000
  8.5700000e+002  3.8029875e+000
  8.5800000e+002  3.7968250e+000
  8.5900000e+002  3.7877625e+000
  8.6000000e+002  3.7776125e+000
  8.6100000e+002  3.7685500e+000
  8.6200000e+002  3.7605750e+000
  8.6300000e+002  3.7515125e+000
  8.6400000e+002  3.7435375e+000
  8.6500000e+002  3.7362875e+000
  8.6600000e+002  3.7323000e+000
  8.6700000e+002  3.7232375e+000
  8.6800000e+002  3.7112750e+000
  8.6900000e+002  3.6989500e+000
  8.7000000e+002  3.6884375e+000
  8.7100000e+002  3.6790125e+000
  8.7200000e+002  3.6710375e+000
  8.7300000e+002  3.6619750e+000
  8.7400000e+002  3.6540000e+000
  8.7500000e+002  3.6434875e+000
  8.7600000e+002  3.6333375e+000
  8.7700000e+002  3.6218462e+000
  8.7800000e+002  3.6117325e+000
  8.7900000e+002  3.5994800e+000
  8.8000000e+002  3.5888225e+000
  8.8100000e+002  3.5770050e+000
  8.8200000e+002  3.5717125e+000
  8.8300000e+002  3.5608737e+000
  8.8400000e+002  3.5488387e+000
  8.8500000e+002  3.5385075e+000
  8.8600000e+002  3.5260375e+000
  8.8700000e+002  3.5128788e+000
  8.8800000e+002  3.5016775e+000
  8.8900000e+002  3.4894613e+000
  8.9000000e+002  3.4771725e+000
  8.9100000e+002  3.4660800e+000
  8.9200000e+002  3.4561475e+000
  8.9300000e+002  3.4415750e+000
  8.9400000e+002  3.4333463e+000
  8.9500000e+002  3.4235950e+000
  8.9600000e+002  3.4096025e+000
  8.9700000e+002  3.3987638e+000
  8.9800000e+002  3.3864025e+000
  8.9900000e+002  3.3730988e+000
  9.0000000e+002  3.3584900e+000
  9.0100000e+002  3.3457300e+000
  9.0200000e+002  3.3359425e+000
  9.0300000e+002  3.3214425e+000
  9.0400000e+002  3.3102050e+000
  9.0500000e+002  3.2961400e+000
  9.0600000e+002  3.2825100e+000
  9.0700000e+002  3.2679375e+000
  9.0800000e+002  3.2577875e+000
  9.0900000e+002  3.2447737e+000
  9.1000000e+002  3.2297662e+000
  9.1100000e+002  3.2162450e+000
  9.1200000e+002  3.2040650e+000
  9.1300000e+002  3.1909788e+000
  9.1400000e+002  3.1734338e+000
  9.1500000e+002  3.1600575e+000
  9.1600000e+002  3.1479500e+000
  9.1700000e+002  3.1286287e+000
  9.1800000e+002  3.1109025e+000
  9.1900000e+002  3.0941187e+000
  9.2000000e+002  3.0726225e+000
  9.2100000e+002  3.0608050e+000
  9.2200000e+002  3.0436950e+000
  9.2300000e+002  3.0289775e+000
  9.2400000e+002  3.0099100e+000
  9.2500000e+002  2.9995425e+000
  9.2600000e+002  2.9802213e+000
  9.2700000e+002  2.9699987e+000
  9.2800000e+002  2.9499888e+000
  9.2900000e+002  2.9377725e+000
  9.3000000e+002  2.9163488e+000
  9.3100000e+002  2.9013775e+000
  9.3200000e+002  2.8835787e+000
  9.3300000e+002  2.8687888e+000
  9.3400000e+002  2.8521138e+000
  9.3500000e+002  2.8385562e+000
  9.3600000e+002  2.8185462e+000
  9.3700000e+002  2.8006025e+000
  9.3800000e+002  2.7885313e+000
  9.3900000e+002  2.7738138e+000
  9.4000000e+002  2.7565225e+000
  9.4100000e+002  2.7413337e+000
  9.4200000e+002  2.7256375e+000
  9.4300000e+002  2.7095063e+000
  9.4400000e+002  2.6887712e+000
  9.4500000e+002  2.6786937e+000
  9.4600000e+002  2.6699212e+000
  9.4700000e+002  2.6505637e+000
  9.4800000e+002  2.6312425e+000
  9.4900000e+002  2.6105438e+000
  9.5000000e+002  2.5974213e+000
  9.5100000e+002  2.5813263e+000
  9.5200000e+002  2.5607725e+000
  9.5300000e+002  2.5495713e+000
  9.5400000e+002  2.5314825e+000
  9.5500000e+002  2.5142275e+000
  9.5600000e+002  2.4897950e+000
  9.5700000e+002  2.4766725e+000
  9.5800000e+002  2.4600700e+000
  9.5900000e+002  2.4446275e+000
  9.6000000e+002  2.4288225e+000
  9.6100000e+002  2.4168963e+000
  9.6200000e+002  2.4000763e+000
  9.6300000e+002  2.3853588e+000
  9.6400000e+002  2.3794500e+000
  9.6500000e+002  2.3794500e+000
  9.6600000e+002  2.3659288e+000
  9.6700000e+002  2.3617962e+000
  9.6800000e+002  2.3488550e+000
  9.6900000e+002  2.3466438e+000
  9.7000000e+002  2.3332312e+000
  9.7100000e+002  2.3296062e+000
  9.7200000e+002  2.3244225e+000
  9.7300000e+002  2.3094513e+000
  9.7400000e+002  2.2937912e+000
  9.7500000e+002  2.2921238e+000
  9.7600000e+002  2.2845837e+000
  9.7700000e+002  2.2780950e+000
  9.7800000e+002  2.2727663e+000
  9.7900000e+002  2.2737812e+000
  9.8000000e+002  2.2691775e+000
  9.8100000e+002  2.2627250e+000
  9.8200000e+002  2.2587013e+000
  9.8300000e+002  2.2515963e+000
  9.8400000e+002  2.2466300e+000
  9.8500000e+002  2.2427875e+000
  9.8600000e+002  2.2402138e+000
  9.8700000e+002  2.2319125e+000
  9.8800000e+002  2.2303175e+000
  9.8900000e+002  2.2240100e+000
  9.9000000e+002  2.2233213e+000
  9.9100000e+002  2.2155275e+000
  9.9200000e+002  2.2112863e+000
  9.9300000e+002  2.2094737e+000
  9.9400000e+002  2.2030937e+000
  9.9500000e+002  2.2011725e+000
  9.9600000e+002  2.1974750e+000
  9.9700000e+002  2.1927625e+000
  9.9800000e+002  2.1908413e+000
  9.9900000e+002  2.1914212e+000
