  6.4986199999999997e+002	  1.3992111986165068e-005	
  6.5017999999999995e+002	  1.4147043298540104e-005	
  6.5049800000000005e+002	  1.4399106992231839e-005	
  6.5081600000000003e+002	  1.4206074540279054e-005	
  6.5113499999999999e+002	  1.4332858365414884e-005	
  6.5145299999999997e+002	  1.4116096407069053e-005	
  6.5177099999999996e+002	  1.4327115794030096e-005	
  6.5208900000000006e+002	  1.3969549238342965e-005	
  6.5240700000000004e+002	  1.4555699987387136e-005	
  6.5272600000000000e+002	  1.4629659913494865e-005	
  6.5304399999999998e+002	  1.4799783316819538e-005	
  6.5336199999999997e+002	  1.4579535506790159e-005	
  6.5367999999999995e+002	  1.4234710628953260e-005	
  6.5399800000000005e+002	  1.4617286831757335e-005	
  6.5431600000000003e+002	  1.4938029160648058e-005	
  6.5463499999999999e+002	  1.4676758201571703e-005	
  6.5495299999999997e+002	  1.4974551208524150e-005	
  6.5527099999999996e+002	  1.5138154894074629e-005	
  6.5558900000000006e+002	  1.5227718710900796e-005	
  6.5590700000000004e+002	  1.5311592041026206e-005	
  6.5622600000000000e+002	  1.4906729311458753e-005	
  6.5654399999999998e+002	  1.5002151121061801e-005	
  6.5686199999999997e+002	  1.5278176479104959e-005	
  6.5717999999999995e+002	  1.5691253891600265e-005	
  6.5749800000000005e+002	  1.5590178035086983e-005	
  6.5781600000000003e+002	  1.5705461675963955e-005	
  6.5813499999999999e+002	  1.5364736670666797e-005	
  6.5845299999999997e+002	  1.5827803859481925e-005	
  6.5877099999999996e+002	  1.5816525050161354e-005	
  6.5908900000000006e+002	  1.5522686011471870e-005	
  6.5940700000000004e+002	  1.5776426597404201e-005	
  6.5972500000000002e+002	  1.5899943586367954e-005	
  6.6004399999999998e+002	  1.5960750583355421e-005	
  6.6036199999999997e+002	  1.5678229833209696e-005	
  6.6067999999999995e+002	  1.6240310883389070e-005	
  6.6099800000000005e+002	  1.6404138674198590e-005	
  6.6131600000000003e+002	  1.6079517874607540e-005	
  6.6163400000000001e+002	  1.5878706184258191e-005	
  6.6195200000000000e+002	  1.5663097377031418e-005	
  6.6227099999999996e+002	  1.5704931358452943e-005	
  6.6258900000000006e+002	  1.5979190918444957e-005	
  6.6290700000000004e+002	  1.5971269753709441e-005	
  6.6322500000000002e+002	  1.6013901131168661e-005	
  6.6354300000000001e+002	  1.6074784156648576e-005	
  6.6386099999999999e+002	  1.5714920886648457e-005	
  6.6417899999999997e+002	  1.5714419740224381e-005	
  6.6449800000000005e+002	  1.5701617500881697e-005	
  6.6481600000000003e+002	  1.6205952710039391e-005	
  6.6513400000000001e+002	  1.5681788606719041e-005	
  6.6545200000000000e+002	  1.5883044965611191e-005	
  6.6576999999999998e+002	  1.6023276400915362e-005	
  6.6608799999999997e+002	  1.5839588550814491e-005	
  6.6640599999999995e+002	  1.5505633178312551e-005	
  6.6672500000000002e+002	  1.5586120623947306e-005	
  6.6704300000000001e+002	  1.5543474633247283e-005	
  6.6736099999999999e+002	  1.5871851946910118e-005	
  6.6767899999999997e+002	  1.5552234132832994e-005	
  6.6799699999999996e+002	  1.5586379626459052e-005	
  6.6831500000000005e+002	  1.5674539846110309e-005	
  6.6863300000000004e+002	  1.5745051524606920e-005	
  6.6895100000000002e+002	  1.5328712273898540e-005	
  6.6926999999999998e+002	  1.5701583207798689e-005	
  6.6958799999999997e+002	  1.5630025995726359e-005	
  6.6990599999999995e+002	  1.5702110101256935e-005	
  6.7022400000000005e+002	  1.5478814058535299e-005	
  6.7054200000000003e+002	  1.5814261410574951e-005	
  6.7086000000000001e+002	  1.6054515541161874e-005	
  6.7117800000000000e+002	  1.5362074229428942e-005	
  6.7149599999999998e+002	  1.5193585288188800e-005	
  6.7181399999999996e+002	  1.4906410787759072e-005	
  6.7213300000000004e+002	  1.5189357743912540e-005	
  6.7245100000000002e+002	  1.5210543048529594e-005	
  6.7276900000000001e+002	  1.5364515847912079e-005	
  6.7308699999999999e+002	  1.5422667973969806e-005	
  6.7340499999999997e+002	  1.5069883396295445e-005	
  6.7372299999999996e+002	  1.5204602501690910e-005	
  6.7404100000000005e+002	  1.5311743098735119e-005	
  6.7435900000000004e+002	  1.5335114479210330e-005	
  6.7467700000000002e+002	  1.5156716687173504e-005	
  6.7499500000000000e+002	  1.5343648830678006e-005	
  6.7531399999999996e+002	  1.4979915160091221e-005	
  6.7563199999999995e+002	  1.4454964828915166e-005	
  6.7595000000000005e+002	  1.5008966587076503e-005	
  6.7626800000000003e+002	  1.5143656924127382e-005	
  6.7658600000000001e+002	  1.4763468505766742e-005	
  6.7690400000000000e+002	  1.4985958515998772e-005	
  6.7722199999999998e+002	  1.4925264619238912e-005	
  6.7753999999999996e+002	  1.4861118362188939e-005	
  6.7785799999999995e+002	  1.4771907245588798e-005	
  6.7817600000000004e+002	  1.4556480284052015e-005	
  6.7849400000000003e+002	  1.4500547761460934e-005	
  6.7881200000000001e+002	  1.4316362543846017e-005	
  6.7913000000000000e+002	  1.4212733624172379e-005	
  6.7944899999999996e+002	  1.3820263595021575e-005	
  6.7976700000000005e+002	  1.4079304785182127e-005	
  6.8008500000000004e+002	  1.3847480940097504e-005	
  6.8040300000000002e+002	  1.4079511284720093e-005	
  6.8072100000000000e+002	  1.4142381163357534e-005	
  6.8103899999999999e+002	  1.3997794286177502e-005	
  6.8135699999999997e+002	  1.3856221529425437e-005	
  6.8167499999999995e+002	  1.3719850248113212e-005	
  6.8199300000000005e+002	  1.3913364014741024e-005	
  6.8231100000000004e+002	  1.3944257765886171e-005	
  6.8262900000000002e+002	  1.3737904804072465e-005	
  6.8294700000000000e+002	  1.3658098357846729e-005	
  6.8326499999999999e+002	  1.3595780410485405e-005	
  6.8358299999999997e+002	  1.3975421552679556e-005	
  6.8390099999999995e+002	  1.3768152489545435e-005	
  6.8421900000000005e+002	  1.3294410086757888e-005	
  6.8453700000000003e+002	  1.3544477021291738e-005	
  6.8485500000000002e+002	  1.3075777380969063e-005	
  6.8517300000000000e+002	  1.3478315781839962e-005	
  6.8549199999999996e+002	  1.3253773588912350e-005	
  6.8580999999999995e+002	  1.3284129707150772e-005	
  6.8612800000000004e+002	  1.3316266999980640e-005	
  6.8644600000000003e+002	  1.3580632109721464e-005	
  6.8676400000000001e+002	  1.3481755121123777e-005	
  6.8708199999999999e+002	  1.3327933042320729e-005	
  6.8739999999999998e+002	  1.3464913979288559e-005	
  6.8771799999999996e+002	  1.3564640997830567e-005	
  6.8803599999999994e+002	  1.3882565925083993e-005	
  6.8835400000000004e+002	  1.3360770032627410e-005	
  6.8867200000000003e+002	  1.3276156287694185e-005	
  6.8899000000000001e+002	  1.3884278620287779e-005	
  6.8930799999999999e+002	  1.3654662219000906e-005	
  6.8962599999999998e+002	  1.3796405284211634e-005	
  6.8994399999999996e+002	  1.3468610125248850e-005	
  6.9026199999999994e+002	  1.3462692320340085e-005	
  6.9058000000000004e+002	  1.3387682863599234e-005	
  6.9089800000000002e+002	  1.3539485775631855e-005	
  6.9121600000000001e+002	  1.3537390181616796e-005	
  6.9153399999999999e+002	  1.3650119075455028e-005	
  6.9185199999999998e+002	  1.3894762711363208e-005	
  6.9216999999999996e+002	  1.3786640326354455e-005	
  6.9248800000000006e+002	  1.4132916525279734e-005	
  6.9280600000000004e+002	  1.4003390513767556e-005	
  6.9312400000000002e+002	  1.4001852804325865e-005	
  6.9344200000000001e+002	  1.4454971833216920e-005	
  6.9375999999999999e+002	  1.4559027213163091e-005	
  6.9407799999999997e+002	  1.4368908297320810e-005	
  6.9439599999999996e+002	  1.4168729273757172e-005	
  6.9471400000000006e+002	  1.4260713006591330e-005	
  6.9503099999999995e+002	  1.4623576555720755e-005	
  6.9534900000000005e+002	  1.3865798016315323e-005	
  6.9566700000000003e+002	  1.4644687043380122e-005	
  6.9598500000000001e+002	  1.4312107741256481e-005	
  6.9630300000000000e+002	  1.4530364317285315e-005	
  6.9662099999999998e+002	  1.4673041200545152e-005	
  6.9693899999999996e+002	  1.4706528971626026e-005	
  6.9725699999999995e+002	  1.5196884956663623e-005	
  6.9757500000000005e+002	  1.4939232217447034e-005	
  6.9789300000000003e+002	  1.5421609552255991e-005	
  6.9821100000000001e+002	  1.5080830464904970e-005	
  6.9852900000000000e+002	  1.5176902927337631e-005	
  6.9884699999999998e+002	  1.5778890325475563e-005	
  6.9916499999999996e+002	  1.5196411508215693e-005	
  6.9948299999999995e+002	  1.5574295919298285e-005	
  6.9980100000000004e+002	  1.5589734770050219e-005	
  7.0011900000000003e+002	  1.5511198360337078e-005	
  7.0043700000000001e+002	  1.5619028910785306e-005	
  7.0075500000000000e+002	  1.5725640402208648e-005	
  7.0107299999999998e+002	  1.5732337024683556e-005	
  7.0138999999999999e+002	  1.5471326147348479e-005	
  7.0170799999999997e+002	  1.6075943437775203e-005	
  7.0202599999999995e+002	  1.5785693426579705e-005	
  7.0234400000000005e+002	  1.6166757816988555e-005	
  7.0266200000000003e+002	  1.6307493572644871e-005	
  7.0298000000000002e+002	  1.6354239500165085e-005	
  7.0329800000000000e+002	  1.6578578347017615e-005	
  7.0361599999999999e+002	  1.6621655561859645e-005	
  7.0393399999999997e+002	  1.6697359472195852e-005	
  7.0425199999999995e+002	  1.6824326918901079e-005	
  7.0457000000000005e+002	  1.7144762541398942e-005	
  7.0488699999999994e+002	  1.6849348596459825e-005	
  7.0520500000000004e+002	  1.7245239936729114e-005	
  7.0552300000000002e+002	  1.7500491490919112e-005	
  7.0584100000000001e+002	  1.7524919725821988e-005	
  7.0615899999999999e+002	  1.7597160183197260e-005	
  7.0647699999999998e+002	  1.7701462894932873e-005	
  7.0679499999999996e+002	  1.8170901751359016e-005	
  7.0711300000000006e+002	  1.8221326088366972e-005	
  7.0742999999999995e+002	  1.8659350258683794e-005	
  7.0774800000000005e+002	  1.8527160183088555e-005	
  7.0806600000000003e+002	  1.8795034878529419e-005	
  7.0838400000000001e+002	  1.9175837413851148e-005	
  7.0870200000000000e+002	  1.9499660354945697e-005	
  7.0901999999999998e+002	  1.9654629119935003e-005	
  7.0933799999999997e+002	  2.0000298343792459e-005	
  7.0965499999999997e+002	  2.0444343776505255e-005	
  7.0997299999999996e+002	  2.0946689349538521e-005	
  7.1029100000000005e+002	  2.1140281169863272e-005	
  7.1060900000000004e+002	  2.1696182813522625e-005	
  7.1092700000000002e+002	  2.2003278487367911e-005	
  7.1124500000000000e+002	  2.2391423822266033e-005	
  7.1156299999999999e+002	  2.3227885109074209e-005	
  7.1188000000000000e+002	  2.3356497715486871e-005	
  7.1219799999999998e+002	  2.3895702884167743e-005	
  7.1251599999999996e+002	  2.4347396174466716e-005	
  7.1283399999999995e+002	  2.5088821239026227e-005	
  7.1315200000000004e+002	  2.5254517424018459e-005	
  7.1346900000000005e+002	  2.5583178694799496e-005	
  7.1378700000000003e+002	  2.6460905500155130e-005	
  7.1410500000000002e+002	  2.6966503119718656e-005	
  7.1442300000000000e+002	  2.7547879754388973e-005	
  7.1474099999999999e+002	  2.8010515173071271e-005	
  7.1505899999999997e+002	  2.8479312819088619e-005	
  7.1537599999999998e+002	  2.8900214864052434e-005	
  7.1569399999999996e+002	  2.9501202092859060e-005	
  7.1601199999999994e+002	  3.0134358759104326e-005	
  7.1633000000000004e+002	  3.0696373039175700e-005	
  7.1664800000000002e+002	  3.1492920206772715e-005	
  7.1696500000000003e+002	  3.2018734363858241e-005	
  7.1728300000000002e+002	  3.2668299591997850e-005	
  7.1760100000000000e+002	  3.3605108734677757e-005	
  7.1791899999999998e+002	  3.3835853163883213e-005	
  7.1823599999999999e+002	  3.4461272139684940e-005	
  7.1855399999999997e+002	  3.4688081994210945e-005	
  7.1887199999999996e+002	  3.5377607171762436e-005	
  7.1919000000000005e+002	  3.5986165997713456e-005	
  7.1950800000000004e+002	  3.6484587051442775e-005	
  7.1982500000000005e+002	  3.7061377184039498e-005	
  7.2014300000000003e+002	  3.7159788703710788e-005	
  7.2046100000000001e+002	  3.8250015990621772e-005	
  7.2077900000000000e+002	  3.8586949011813788e-005	
  7.2109600000000000e+002	  3.9164941015439175e-005	
  7.2141399999999999e+002	  4.0060155986642988e-005	
  7.2173199999999997e+002	  4.0816706458994077e-005	
  7.2204999999999995e+002	  4.1081473845208197e-005	
  7.2236699999999996e+002	  4.1584385981898346e-005	
  7.2268499999999995e+002	  4.1957166964778278e-005	
  7.2300300000000004e+002	  4.2613575610151760e-005	
  7.2332000000000005e+002	  4.3232815412166779e-005	
  7.2363800000000003e+002	  4.3700098662384515e-005	
  7.2395600000000002e+002	  4.4277319637872048e-005	
  7.2427400000000000e+002	  4.4887368089002467e-005	
  7.2459100000000001e+002	  4.5036857605263728e-005	
  7.2490899999999999e+002	  4.6008986312110561e-005	
  7.2522699999999998e+002	  4.6495716049823040e-005	
  7.2554399999999998e+002	  4.7107125743072355e-005	
  7.2586199999999997e+002	  4.7675545635233129e-005	
  7.2617999999999995e+002	  4.8377177495818120e-005	
  7.2649800000000005e+002	  4.9091548898722544e-005	
  7.2681500000000005e+002	  5.0038953077843444e-005	
  7.2713300000000004e+002	  5.0513740459174074e-005	
  7.2745100000000002e+002	  5.1528067580072837e-005	
  7.2776800000000003e+002	  5.2224993444866986e-005	
  7.2808600000000001e+002	  5.3425190134674543e-005	
  7.2840400000000000e+002	  5.4557892464672097e-005	
  7.2872100000000000e+002	  5.5868089680613421e-005	
  7.2903899999999999e+002	  5.6754399368595783e-005	
  7.2935699999999997e+002	  5.8139061965036441e-005	
  7.2967399999999998e+002	  5.9252624987008511e-005	
  7.2999199999999996e+002	  6.0712169289275839e-005	
  7.3030999999999995e+002	  6.1427403068322432e-005	
  7.3062699999999995e+002	  6.3009434326755719e-005	
  7.3094500000000005e+002	  6.4564808820381006e-005	
  7.3126300000000003e+002	  6.6200799360855065e-005	
  7.3158000000000004e+002	  6.7510699562940327e-005	
  7.3189800000000002e+002	  6.9255609173831482e-005	
  7.3221600000000001e+002	  7.0770907022747479e-005	
  7.3253300000000002e+002	  7.2104151591956733e-005	
  7.3285100000000000e+002	  7.3870981861183879e-005	
  7.3316800000000001e+002	  7.5300228867697188e-005	
  7.3348599999999999e+002	  7.6453703849322882e-005	
  7.3380399999999997e+002	  7.8197167431701204e-005	
  7.3412099999999998e+002	  7.9499878938692423e-005	
  7.3443899999999996e+002	  8.0695218908712079e-005	
  7.3475699999999995e+002	  8.1995382171562507e-005	
  7.3507399999999996e+002	  8.3045080641963717e-005	
  7.3539200000000005e+002	  8.4149039252345200e-005	
  7.3570899999999995e+002	  8.4936484557077474e-005	
  7.3602700000000004e+002	  8.6191927906995275e-005	
  7.3634500000000003e+002	  8.6587045370233723e-005	
  7.3666200000000003e+002	  8.7463431813617577e-005	
  7.3698000000000002e+002	  8.8026941597627885e-005	
  7.3729700000000003e+002	  8.8157356217553992e-005	
  7.3761500000000001e+002	  8.8892414160889559e-005	
  7.3793200000000002e+002	  8.9289359597789092e-005	
  7.3825000000000000e+002	  8.9459096035253140e-005	
  7.3856799999999998e+002	  8.9890001196371664e-005	
  7.3888499999999999e+002	  8.9654237344546705e-005	
  7.3920299999999997e+002	  9.0192836754618942e-005	
  7.3951999999999998e+002	  9.0204050808339028e-005	
  7.3983799999999997e+002	  8.9704982118171044e-005	
  7.4015499999999997e+002	  8.9309802801054171e-005	
  7.4047299999999996e+002	  8.9273389644738564e-005	
  7.4078999999999996e+002	  8.8929776289074813e-005	
  7.4110799999999995e+002	  8.8479131259026087e-005	
  7.4142600000000004e+002	  8.8367448612293963e-005	
  7.4174300000000005e+002	  8.7874033923923152e-005	
  7.4206100000000004e+002	  8.6980141859024362e-005	
  7.4237800000000004e+002	  8.6549038521867473e-005	
  7.4269600000000003e+002	  8.5791715390957647e-005	
  7.4301300000000003e+002	  8.5184266333971509e-005	
  7.4333100000000002e+002	  8.4672817394154985e-005	
  7.4364800000000002e+002	  8.3748482231966353e-005	
  7.4396600000000001e+002	  8.2769750274625569e-005	
  7.4428300000000002e+002	  8.2356986660929562e-005	
  7.4460100000000000e+002	  8.1498929284933833e-005	
  7.4491800000000001e+002	  8.0304144155831568e-005	
  7.4523599999999999e+002	  7.9677240315907002e-005	
  7.4555300000000000e+002	  7.9296640980667816e-005	
  7.4587099999999998e+002	  7.8442826956635309e-005	
  7.4618799999999999e+002	  7.7719417929189566e-005	
  7.4650599999999997e+002	  7.7095193520492389e-005	
  7.4682299999999998e+002	  7.5890218900285885e-005	
  7.4714099999999996e+002	  7.5415488853223806e-005	
  7.4745799999999997e+002	  7.4392757735308244e-005	
  7.4777499999999998e+002	  7.3628562496314820e-005	
  7.4809299999999996e+002	  7.2855914150641096e-005	
  7.4840999999999997e+002	  7.1909189960765846e-005	
  7.4872799999999995e+002	  7.1116891282316236e-005	
  7.4904499999999996e+002	  7.0349711381593986e-005	
  7.4936300000000006e+002	  6.9483620461734439e-005	
  7.4967999999999995e+002	  6.8579097723835624e-005	
  7.4999800000000005e+002	  6.7911029661455225e-005	
  7.5031500000000005e+002	  6.6713792598135991e-005	
  7.5063199999999995e+002	  6.6129732469228069e-005	
  7.5095000000000005e+002	  6.5121839192620805e-005	
  7.5126700000000005e+002	  6.3894706610235244e-005	
  7.5158500000000004e+002	  6.3497937722783312e-005	
  7.5190200000000004e+002	  6.2520522871403826e-005	
  7.5221900000000005e+002	  6.1522811258075039e-005	
  7.5253700000000003e+002	  6.0824694744451278e-005	
  7.5285400000000004e+002	  6.0126376070934702e-005	
  7.5317200000000003e+002	  5.9121754492584497e-005	
  7.5348900000000003e+002	  5.8037295642322845e-005	
  7.5380700000000002e+002	  5.6920865845347938e-005	
  7.5412400000000002e+002	  5.6283369820750849e-005	
  7.5444100000000003e+002	  5.5752273769689926e-005	
  7.5475900000000001e+002	  5.4544810384740377e-005	
  7.5507600000000002e+002	  5.4351162651730580e-005	
  7.5539400000000001e+002	  5.3169198689881624e-005	
  7.5571199999999999e+002	  5.1933675418860617e-005	
  7.5602900000000000e+002	  5.1412470444964019e-005	
  7.5634600000000000e+002	  5.0692128198168161e-005	
  7.5666399999999999e+002	  4.9833860873548922e-005	
  7.5698099999999999e+002	  4.9112432878798853e-005	
  7.5729800000000000e+002	  4.8332461135438425e-005	
  7.5761500000000001e+002	  4.7755305159560889e-005	
  7.5793299999999999e+002	  4.6900105202982273e-005	
  7.5825000000000000e+002	  4.6131992744608222e-005	
  7.5856700000000001e+002	  4.5317916275388618e-005	
  7.5888400000000001e+002	  4.4561113844791974e-005	
  7.5920200000000000e+002	  4.3751428639426662e-005	
  7.5951900000000001e+002	  4.3597695207819226e-005	
  7.5983600000000001e+002	  4.2660636685363693e-005	
  7.6015300000000002e+002	  4.1620492247142696e-005	
  7.6047100000000000e+002	  4.0815582105767330e-005	
  7.6078800000000001e+002	  3.9466412607621184e-005	
  7.6110500000000002e+002	  3.8533746811441760e-005	
  7.6142300000000000e+002	  3.8384758048445362e-005	
  7.6174000000000001e+002	  3.7659589249219940e-005	
  7.6205700000000002e+002	  3.7371007332996933e-005	
  7.6237400000000002e+002	  3.6829243105588709e-005	
  7.6269200000000001e+002	  3.6096684284641003e-005	
  7.6300900000000001e+002	  3.5118921211545758e-005	
  7.6332600000000002e+002	  3.4541652344161281e-005	
  7.6364300000000003e+002	  3.3236592635274600e-005	
  7.6396100000000001e+002	  3.3006578628157143e-005	
  7.6427800000000002e+002	  3.2176460066360291e-005	
  7.6459500000000003e+002	  3.1482645540732002e-005	
  7.6491200000000003e+002	  3.1015881738639364e-005	
  7.6523000000000002e+002	  3.0230330179422554e-005	
  7.6554700000000003e+002	  3.0036785364590877e-005	
  7.6586400000000003e+002	  2.9112646663626518e-005	
  7.6618200000000002e+002	  2.8299238395302279e-005	
  7.6649900000000002e+002	  2.7810161527907945e-005	
  7.6681600000000003e+002	  2.6831173725914562e-005	
  7.6713300000000004e+002	  2.6667532727613241e-005	
  7.6745100000000002e+002	  2.6119943573750372e-005	
  7.6776800000000003e+002	  2.5153053495456201e-005	
  7.6808500000000004e+002	  2.4642984716903812e-005	
  7.6840200000000004e+002	  2.4360545210490406e-005	
  7.6872000000000003e+002	  2.3697517470437116e-005	
  7.6903700000000003e+002	  2.2906753344265059e-005	
  7.6935400000000004e+002	  2.2411826091543989e-005	
  7.6967100000000005e+002	  2.1486607047545702e-005	
  7.6998900000000003e+002	  2.0937724150341863e-005	
  7.7030499999999995e+002	  2.0327076985872748e-005	
  7.7062199999999996e+002	  1.9720900424876479e-005	
  7.7093899999999996e+002	  1.9068509007352341e-005	
  7.7125599999999997e+002	  1.8338829327118060e-005	
  7.7157299999999998e+002	  1.7924055035433394e-005	
  7.7188999999999999e+002	  1.7790858898508598e-005	
  7.7220799999999997e+002	  1.7039834321405536e-005	
  7.7252499999999998e+002	  1.6151006057960420e-005	
  7.7284199999999998e+002	  1.5975245178980188e-005	
  7.7315899999999999e+002	  1.5413918760431368e-005	
  7.7347600000000000e+002	  1.4666152598156304e-005	
  7.7379300000000001e+002	  1.4162872284332988e-005	
  7.7411000000000001e+002	  1.3485798840164962e-005	
  7.7442700000000002e+002	  1.3229027036828159e-005	
  7.7474500000000000e+002	  1.2190777601478916e-005	
  7.7506200000000001e+002	  1.1635222391910664e-005	
  7.7537900000000002e+002	  1.1219941313084676e-005	
  7.7569600000000003e+002	  1.0944634152825869e-005	
  7.7601300000000003e+002	  1.0176125185832077e-005	
  7.7633000000000004e+002	  9.5013215307679675e-006	
  7.7664700000000005e+002	  9.6544332477953405e-006	
  7.7696400000000006e+002	  8.9881959285696036e-006	
  7.7728099999999995e+002	  8.3016774897786524e-006	
  7.7759799999999996e+002	  7.7526360606001602e-006	
  7.7791499999999996e+002	  7.2148767056150838e-006	
  7.7823199999999997e+002	  6.6725099918311320e-006	
  7.7854899999999998e+002	  5.8490395478510756e-006	
  7.7886599999999999e+002	  5.8538957029018977e-006	
  7.7918299999999999e+002	  5.1124227397851885e-006	
  7.7950000000000000e+002	  4.9223321509779328e-006	
  7.7981700000000001e+002	  4.2529170653291680e-006	
  7.8013400000000001e+002	  3.5978791808031306e-006	
  7.8045100000000002e+002	  3.3223813119991306e-006	
  7.8076800000000003e+002	  2.6535364601227421e-006	
  7.8108600000000001e+002	  2.6959582627758713e-006	
  7.8140300000000002e+002	  2.2747900886224505e-006	
  7.8171900000000005e+002	  1.6419060632873688e-006	
  7.8203599999999994e+002	  1.2254989088568774e-006	
  7.8235299999999995e+002	  1.0612831966295819e-006	
  7.8266999999999996e+002	  6.3147590268330259e-007	
  7.8298699999999997e+002	  1.5387112112012410e-007	
  7.8330399999999997e+002	 -1.5983456303905913e-007	
  7.8362099999999998e+002	 -7.3025426999916805e-007	
  7.8393799999999999e+002	 -7.7424737048073188e-007	
  7.8425500000000000e+002	 -1.2565072083468878e-006	
  7.8457200000000000e+002	 -1.3883716003651602e-006	
  7.8488900000000001e+002	 -1.8974947000068119e-006	
  7.8520600000000002e+002	 -2.1282722467784270e-006	
  7.8552300000000002e+002	 -2.3320823907178578e-006	
  7.8584000000000003e+002	 -2.8524363189020539e-006	
  7.8615700000000004e+002	 -3.3902430196206334e-006	
  7.8647400000000005e+002	 -3.5238020061016117e-006	
  7.8679100000000005e+002	 -3.8377676758398337e-006	
  7.8710799999999995e+002	 -4.0976399299190230e-006	
  7.8742399999999998e+002	 -4.2838402443994805e-006	
  7.8774099999999999e+002	 -4.6936923357286274e-006	
  7.8805799999999999e+002	 -4.9133577123053683e-006	
  7.8837500000000000e+002	 -5.3146757305603444e-006	
  7.8869200000000001e+002	 -5.3431592211505043e-006	
  7.8900900000000001e+002	 -5.8871507446472299e-006	
  7.8932600000000002e+002	 -5.6929149419069047e-006	
  7.8964300000000003e+002	 -5.7889907874549809e-006	
  7.8996000000000004e+002	 -6.3850071567504263e-006	
  7.9027599999999995e+002	 -6.6004893091906458e-006	
  7.9059299999999996e+002	 -6.9629543686044890e-006	
  7.9090999999999997e+002	 -7.0534578254994827e-006	
  7.9122699999999998e+002	 -6.9965192159921862e-006	
  7.9154399999999998e+002	 -7.0391483431228086e-006	
  7.9186099999999999e+002	 -6.9343888564505761e-006	
  7.9217700000000002e+002	 -7.5599843671568571e-006	
  7.9249400000000003e+002	 -7.5247204617184903e-006	
  7.9281100000000004e+002	 -7.6963984942827925e-006	
  7.9312800000000004e+002	 -7.7504843745118341e-006	
  7.9344500000000005e+002	 -7.7749574821470083e-006	
  7.9376099999999997e+002	 -7.9281520321125591e-006	
  7.9407799999999997e+002	 -8.0275699248748730e-006	
  7.9439499999999998e+002	 -7.8625021421500197e-006	
  7.9471199999999999e+002	 -7.9024259873764920e-006	
  7.9502900000000000e+002	 -7.9550519014305996e-006	
  7.9534500000000003e+002	 -7.9836854671092344e-006	
  7.9566200000000003e+002	 -8.1438601457590616e-006	
  7.9597900000000004e+002	 -8.1973549096489326e-006	
  7.9629600000000005e+002	 -8.2569322809837033e-006	
  7.9661199999999997e+002	 -7.9289548654387587e-006	
  7.9692899999999997e+002	 -8.1700624702303891e-006	
  7.9724599999999998e+002	 -8.6350627320098786e-006	
  7.9756299999999999e+002	 -8.4039964241010536e-006	
  7.9787900000000002e+002	 -8.3433896730228747e-006	
  7.9819600000000003e+002	 -8.0348652456696947e-006	
  7.9851300000000003e+002	 -8.1707851970555935e-006	
  7.9883000000000004e+002	 -8.0179486955374603e-006	
  7.9914599999999996e+002	 -7.9811790814030561e-006	
  7.9946299999999997e+002	 -8.0116750164772962e-006	
  7.9977999999999997e+002	 -7.8922753666644952e-006	
  8.0009600000000000e+002	 -7.6854401824996575e-006	
  8.0041300000000001e+002	 -7.8521963452109067e-006	
  8.0073000000000002e+002	 -7.7352183795239940e-006	
  8.0104600000000005e+002	 -7.6635860994385584e-006	
  8.0136300000000006e+002	 -7.4803856657930155e-006	
  8.0167999999999995e+002	 -7.3601552976304892e-006	
  8.0199599999999998e+002	 -7.3552843285722423e-006	
  8.0231299999999999e+002	 -6.8051020912769623e-006	
  8.0263000000000000e+002	 -6.6824947639768506e-006	
  8.0294600000000003e+002	 -6.4406361229192850e-006	
  8.0326300000000003e+002	 -6.4004585757372720e-006	
  8.0358000000000004e+002	 -6.5488429652558571e-006	
  8.0389599999999996e+002	 -6.1795759534911737e-006	
  8.0421299999999997e+002	 -6.0002418516588985e-006	
  8.0452999999999997e+002	 -5.9820239701674576e-006	
  8.0484600000000000e+002	 -5.4290822008332738e-006	
  8.0516300000000001e+002	 -5.1221332391565262e-006	
  8.0547900000000004e+002	 -5.0188391789780441e-006	
  8.0579600000000005e+002	 -5.1384282856551019e-006	
  8.0611199999999997e+002	 -4.3865353346226775e-006	
  8.0642899999999997e+002	 -3.9657064896793155e-006	
  8.0674599999999998e+002	 -3.9958101358834596e-006	
  8.0706200000000001e+002	 -3.3813519705517568e-006	
  8.0737900000000002e+002	 -3.0116699950024568e-006	
  8.0769500000000005e+002	 -2.9572688395723217e-006	
  8.0801199999999994e+002	 -2.5566163087647565e-006	
  8.0832799999999997e+002	 -2.4312166706110532e-006	
  8.0864499999999998e+002	 -1.7871136493069076e-006	
  8.0896199999999999e+002	 -1.4110599886471542e-006	
  8.0927800000000002e+002	 -1.1188033697696161e-006	
  8.0959500000000003e+002	 -8.9830650266229667e-007	
  8.0991099999999994e+002	 -3.6106498150427111e-007	
  8.1022799999999995e+002	 -7.0461195970082685e-008	
  8.1054399999999998e+002	  3.8866140019516463e-007	
  8.1086099999999999e+002	  7.1049680163598522e-007	
  8.1117700000000002e+002	  1.5134939400918845e-006	
  8.1149400000000003e+002	  1.8227750111566221e-006	
  8.1180999999999995e+002	  2.1070685011893624e-006	
  8.1212699999999995e+002	  2.6092074051620289e-006	
  8.1244299999999998e+002	  3.2707439020155389e-006	
  8.1275999999999999e+002	  3.5579426030438114e-006	
  8.1307600000000002e+002	  4.2580798842905071e-006	
  8.1339200000000005e+002	  4.7447168947688164e-006	
  8.1370899999999995e+002	  5.1862324850168360e-006	
  8.1402499999999998e+002	  6.0285518012613971e-006	
  8.1434199999999998e+002	  6.3296982144783553e-006	
  8.1465800000000002e+002	  6.7095349646170585e-006	
  8.1497500000000002e+002	  6.9647390153349441e-006	
  8.1529100000000005e+002	  7.7194456092874981e-006	
  8.1560799999999995e+002	  8.3904521444634757e-006	
  8.1592399999999998e+002	  8.6617326447866563e-006	
  8.1624000000000001e+002	  9.3077326949854949e-006	
  8.1655700000000002e+002	  9.8269778165783415e-006	
  8.1687300000000005e+002	  1.0107180268501185e-005	
  8.1719000000000005e+002	  1.0662584031630485e-005	
  8.1750599999999997e+002	  1.0737619979222345e-005	
  8.1782200000000000e+002	  1.1797888400547295e-005	
  8.1813900000000001e+002	  1.2453468308549018e-005	
  8.1845500000000004e+002	  1.2874566972302804e-005	
  8.1877099999999996e+002	  1.3516015106476028e-005	
  8.1908799999999997e+002	  1.3986262875938497e-005	
  8.1940400000000000e+002	  1.4415053985472566e-005	
  8.1972000000000003e+002	  1.5026956455433864e-005	
  8.2003700000000003e+002	  1.6035073664714602e-005	
  8.2035299999999995e+002	  1.6378208869991267e-005	
  8.2066899999999998e+002	  1.6643216910547900e-005	
  8.2098599999999999e+002	  1.7772226857484372e-005	
  8.2130200000000002e+002	  1.8559500105120300e-005	
  8.2161800000000005e+002	  1.9024203205521762e-005	
  8.2193499999999995e+002	  2.0486533575852488e-005	
  8.2225099999999998e+002	  2.1598637014328353e-005	
  8.2256700000000001e+002	  2.1987020683117289e-005	
  8.2288300000000004e+002	  2.2934293892183882e-005	
  8.2320000000000005e+002	  2.3646637570637175e-005	
  8.2351599999999996e+002	  2.5003464183601852e-005	
  8.2383199999999999e+002	  2.6087077976040785e-005	
  8.2414800000000002e+002	  2.7317834790599175e-005	
  8.2446500000000003e+002	  2.8179235757184109e-005	
  8.2478099999999995e+002	  2.9237749248092583e-005	
  8.2509699999999998e+002	  3.1516115646885007e-005	
  8.2541300000000001e+002	  3.2333576093547646e-005	
  8.2573000000000002e+002	  3.3354910770776003e-005	
  8.2604600000000005e+002	  3.4937766961143874e-005	
  8.2636199999999997e+002	  3.7281835214570923e-005	
  8.2667800000000000e+002	  3.8633629910047003e-005	
  8.2699500000000000e+002	  4.0854794738206551e-005	
  8.2731100000000004e+002	  4.1155956166749078e-005	
  8.2762699999999995e+002	  4.5009690303534693e-005	
  8.2794299999999998e+002	  4.7549508854595743e-005	
  8.2825900000000001e+002	  4.8803133809365037e-005	
  8.2857500000000005e+002	  5.0447134873044292e-005	
  8.2889200000000005e+002	  5.3244356289598892e-005	
  8.2920799999999997e+002	  5.5064925051448602e-005	
  8.2952400000000000e+002	  5.7295676379550411e-005	
  8.2984000000000003e+002	  5.8950280326250565e-005	
  8.3015599999999995e+002	  6.2316628601829258e-005	
  8.3047199999999998e+002	  6.4864056408161881e-005	
  8.3078800000000001e+002	  6.6266677262172619e-005	
  8.3110400000000004e+002	  6.7660037093610138e-005	
  8.3142100000000005e+002	  6.9851107543915606e-005	
  8.3173699999999997e+002	  7.2118701995792377e-005	
  8.3205300000000000e+002	  7.3946256914715318e-005	
  8.3236900000000003e+002	  7.5831955548105674e-005	
  8.3268499999999995e+002	  7.6402497172515415e-005	
  8.3300099999999998e+002	  7.7820837430182867e-005	
  8.3331700000000001e+002	  7.9760631682354924e-005	
  8.3363300000000004e+002	  8.1308427586609228e-005	
  8.3394899999999996e+002	  8.2343714427034575e-005	
  8.3426499999999999e+002	  8.3188176121472878e-005	
  8.3458100000000002e+002	  8.4424670462810098e-005	
  8.3489700000000005e+002	  8.4952724151628957e-005	
  8.3521299999999997e+002	  8.4723628824408243e-005	
  8.3552900000000000e+002	  8.5661472763144732e-005	
  8.3584500000000003e+002	  8.5589423360921607e-005	
  8.3616099999999994e+002	  8.6017072966274814e-005	
  8.3647699999999998e+002	  8.6076134667109299e-005	
  8.3679399999999998e+002	  8.6850206960221093e-005	
  8.3710900000000004e+002	  8.6381040020723008e-005	
  8.3742499999999995e+002	  8.6307196059362727e-005	
  8.3774099999999999e+002	  8.6400425050211797e-005	
  8.3805700000000002e+002	  8.6011744745653697e-005	
  8.3837300000000005e+002	  8.5451368924819573e-005	
  8.3868899999999996e+002	  8.4721122941500937e-005	
  8.3900500000000000e+002	  8.4136128572530737e-005	
  8.3932100000000003e+002	  8.4199408541907496e-005	
  8.3963699999999994e+002	  8.3770981645216739e-005	
  8.3995299999999997e+002	  8.3433218792177395e-005	
  8.4026900000000001e+002	  8.2540873758535406e-005	
  8.4058500000000004e+002	  8.1692246873699465e-005	
  8.4090099999999995e+002	  8.0758498133725405e-005	
  8.4121699999999998e+002	  8.0346749968265963e-005	
  8.4153300000000002e+002	  7.9963006215280820e-005	
  8.4184900000000005e+002	  7.9414881678858309e-005	
  8.4216399999999999e+002	  7.8918910043202002e-005	
  8.4248000000000002e+002	  7.8453028187405971e-005	
  8.4279600000000005e+002	  7.7987429930665285e-005	
  8.4311199999999997e+002	  7.7191726184007946e-005	
  8.4342800000000000e+002	  7.5872274070043768e-005	
  8.4374400000000003e+002	  7.5786547946785529e-005	
  8.4405999999999995e+002	  7.5014184368069419e-005	
  8.4437500000000000e+002	  7.4354964903565549e-005	
  8.4469100000000003e+002	  7.3407344092407030e-005	
  8.4500699999999995e+002	  7.2740443194479513e-005	
  8.4532299999999998e+002	  7.1815427949130874e-005	
  8.4563900000000001e+002	  7.0772630500571057e-005	
  8.4595500000000004e+002	  7.0415842625656827e-005	
  8.4626999999999998e+002	  6.9978728602583092e-005	
  8.4658600000000001e+002	  6.8585463129427598e-005	
  8.4690200000000004e+002	  6.7964576823661944e-005	
  8.4721799999999996e+002	  6.6224936613368807e-005	
  8.4753399999999999e+002	  6.5817411621625846e-005	
  8.4784900000000005e+002	  6.5028884722669096e-005	
  8.4816499999999996e+002	  6.4292486816652813e-005	
  8.4848099999999999e+002	  6.3459417808467379e-005	
  8.4879700000000003e+002	  6.3097858808507866e-005	
  8.4911199999999997e+002	  6.2680342597389832e-005	
  8.4942800000000000e+002	  6.1423097110118705e-005	
  8.4974400000000003e+002	  6.1086105389785689e-005	
  8.5005899999999997e+002	  6.0486054605760374e-005	
  8.5037500000000000e+002	  6.0004142799448912e-005	
  8.5069100000000003e+002	  5.9371076442972874e-005	
  8.5100699999999995e+002	  5.8242477234627050e-005	
  8.5132200000000000e+002	  5.7475325511172536e-005	
  8.5163800000000003e+002	  5.6734206652651266e-005	
  8.5195399999999995e+002	  5.6007818493042590e-005	
  8.5226900000000001e+002	  5.4721810580638709e-005	
  8.5258500000000004e+002	  5.4131539799268592e-005	
  8.5290099999999995e+002	  5.3656654672863558e-005	
  8.5321600000000001e+002	  5.2682061523800975e-005	
  8.5353200000000004e+002	  5.1446628302177540e-005	
  8.5384699999999998e+002	  5.0651688960069998e-005	
  8.5416300000000001e+002	  5.0460968436773064e-005	
  8.5447900000000004e+002	  4.9613519424744543e-005	
  8.5479399999999998e+002	  4.9354146409256194e-005	
  8.5511000000000001e+002	  4.8600304575299384e-005	
  8.5542499999999995e+002	  4.6922388846659301e-005	
  8.5574099999999999e+002	  4.6406025766742292e-005	
  8.5605700000000002e+002	  4.5579060769078150e-005	
  8.5637199999999996e+002	  4.4285838543336730e-005	
  8.5668799999999999e+002	  4.4074398999559302e-005	
  8.5700300000000004e+002	  4.3234893647083518e-005	
  8.5731899999999996e+002	  4.2182320001308685e-005	
  8.5763499999999999e+002	  4.1425151341770032e-005	
  8.5795000000000005e+002	  4.0322783757407090e-005	
  8.5826599999999996e+002	  3.9383214862825562e-005	
  8.5858100000000002e+002	  3.9333856226484846e-005	
  8.5889700000000005e+002	  3.8941915928143164e-005	
  8.5921199999999999e+002	  3.8301645781629924e-005	
  8.5952800000000002e+002	  3.8115343647083327e-005	
  8.5984299999999996e+002	  3.6907061633431266e-005	
  8.6015899999999999e+002	  3.7163496163552426e-005	
  8.6047400000000005e+002	  3.5878597963584129e-005	
  8.6078999999999996e+002	  3.5523440036701635e-005	
  8.6110500000000002e+002	  3.4950246710751115e-005	
  8.6142100000000005e+002	  3.4593734145382662e-005	
  8.6173599999999999e+002	  3.3321747685177228e-005	
  8.6205100000000004e+002	  3.2199238002418102e-005	
  8.6236699999999996e+002	  3.2136533187873490e-005	
  8.6268200000000002e+002	  3.1104226193823646e-005	
  8.6299800000000005e+002	  3.0602710366580191e-005	
  8.6331299999999999e+002	  2.9467679679140970e-005	
  8.6362800000000004e+002	  2.9085865999703619e-005	
  8.6394399999999996e+002	  2.7971493746443494e-005	
  8.6425900000000001e+002	  2.7504517993557406e-005	
  8.6457500000000005e+002	  2.7047025394538510e-005	
  8.6488999999999999e+002	  2.6541968696588339e-005	
  8.6520500000000004e+002	  2.6369213359843117e-005	
  8.6552099999999996e+002	  2.5995425703320669e-005	
  8.6583600000000001e+002	  2.5208645390776049e-005	
  8.6615099999999995e+002	  2.4611526829916066e-005	
  8.6646699999999998e+002	  2.3845572664092890e-005	
  8.6678200000000004e+002	  2.2910391894847051e-005	
  8.6709799999999996e+002	  2.2647435214514074e-005	
  8.6741300000000001e+002	  2.1665926785736957e-005	
  8.6772799999999995e+002	  2.1080215989878701e-005	
  8.6804300000000001e+002	  2.0581713078505804e-005	
  8.6835900000000004e+002	  1.9852087868437226e-005	
  8.6867399999999998e+002	  1.9657915003872040e-005	
  8.6898900000000003e+002	  1.9408731588287642e-005	
  8.6930499999999995e+002	  1.8963221724479419e-005	
  8.6962000000000000e+002	  1.8416950837127242e-005	
  8.6993499999999995e+002	  1.7953759942921690e-005	
  8.7025000000000000e+002	  1.7560969742388165e-005	
  8.7056600000000003e+002	  1.7647101377409169e-005	
  8.7088099999999997e+002	  1.6839980847674253e-005	
  8.7119600000000003e+002	  1.6252728340403989e-005	
  8.7151099999999997e+002	  1.5699226187599944e-005	
  8.7182600000000002e+002	  1.5708652942064856e-005	
  8.7214200000000005e+002	  1.5439150677884990e-005	
  8.7245699999999999e+002	  1.5023321385530813e-005	
  8.7277200000000005e+002	  1.3980732512682059e-005	
  8.7308699999999999e+002	  1.3750849373576666e-005	
  8.7340200000000004e+002	  1.3800122463097904e-005	
  8.7371799999999996e+002	  1.3638414608835690e-005	
  8.7403300000000002e+002	  1.3215474752578392e-005	
  8.7434799999999996e+002	  1.2910966038581788e-005	
  8.7466300000000001e+002	  1.2340208794599730e-005	
  8.7497799999999995e+002	  1.1976620800137018e-005	
  8.7529300000000001e+002	  1.1532703560790620e-005	
  8.7560799999999995e+002	  1.0703300841679302e-005	
  8.7592399999999998e+002	  1.0713497401228352e-005	
  8.7623900000000003e+002	  9.6223095624361389e-006	
  8.7655399999999997e+002	  1.0278421968536875e-005	
  8.7686900000000003e+002	  1.0012903099864333e-005	
  8.7718399999999997e+002	  9.5857883977492328e-006	
  8.7749900000000002e+002	  8.9037954956376164e-006	
  8.7781399999999996e+002	  8.7494168185853271e-006	
  8.7812900000000002e+002	  8.4128190876293400e-006	
  8.7844399999999996e+002	  7.9729409386086952e-006	
  8.7875900000000001e+002	  7.6805837576597845e-006	
  8.7907399999999996e+002	  7.6312565555730340e-006	
  8.7938900000000001e+002	  6.9541773065606679e-006	
  8.7970399999999995e+002	  7.1692182697136269e-006	
  8.8001900000000001e+002	  6.7897246011468096e-006	
  8.8033399999999995e+002	  6.8256019447480908e-006	
  8.8064900000000000e+002	  6.0842471862649299e-006	
  8.8096400000000006e+002	  5.7258093517724238e-006	
  8.8127900000000000e+002	  6.0107777243776329e-006	
  8.8159400000000005e+002	  5.7786517084188815e-006	
  8.8190899999999999e+002	  5.7677812522606518e-006	
  8.8222400000000005e+002	  5.4210963526506763e-006	
  8.8253899999999999e+002	  4.9880692572490924e-006	
  8.8285400000000004e+002	  5.1768872855713083e-006	
  8.8316899999999998e+002	  5.0588743187160454e-006	
  8.8348400000000004e+002	  4.3942831197577860e-006	
  8.8379899999999998e+002	  4.5459338666698021e-006	
  8.8411400000000003e+002	  4.3918373293911025e-006	
  8.8442899999999997e+002	  4.5727206975973923e-006	
  8.8474400000000003e+002	  3.5216934408953016e-006	
  8.8505899999999997e+002	  4.4083625392917848e-006	
  8.8537300000000005e+002	  4.0115768147398746e-006	
  8.8568799999999999e+002	  3.6226340417655979e-006	
  8.8600300000000004e+002	  4.1109830595182569e-006	
  8.8631799999999998e+002	  3.5988532953186170e-006	
  8.8663300000000004e+002	  3.8212092818715072e-006	
  8.8694799999999998e+002	  4.0349156058887856e-006	
  8.8726300000000003e+002	  3.7447109754267555e-006	
  8.8757700000000000e+002	  4.2676584754299726e-006	
  8.8789200000000005e+002	  3.9699832791395327e-006	
  8.8820699999999999e+002	  3.5883950013203574e-006	
  8.8852200000000005e+002	  4.0256645415572954e-006	
  8.8883699999999999e+002	  3.7663021885125398e-006	
  8.8915099999999995e+002	  3.5206460582964245e-006	
  8.8946600000000001e+002	  4.2136099587869805e-006	
  8.8978099999999995e+002	  4.1300728917247380e-006	
  8.9009600000000000e+002	  4.0847299301445589e-006	
  8.9040999999999997e+002	  4.1340222330189949e-006	
  8.9072500000000002e+002	  4.3275493865156718e-006	
  8.9103999999999996e+002	  4.1860769944282292e-006	
  8.9135500000000002e+002	  4.6104429178968737e-006	
  8.9166899999999998e+002	  4.1104012276224032e-006	
  8.9198400000000004e+002	  4.5683519501800086e-006	
  8.9229899999999998e+002	  5.2039633494577167e-006	
  8.9261300000000006e+002	  5.2432461499663973e-006	
  8.9292800000000000e+002	  5.5179204936779286e-006	
  8.9324300000000005e+002	  6.0883149989400958e-006	
  8.9355700000000002e+002	  6.0392054862286450e-006	
  8.9387199999999996e+002	  5.8059181820778261e-006	
  8.9418700000000001e+002	  6.0046296759839874e-006	
  8.9450099999999998e+002	  7.4542963741982511e-006	
  8.9481600000000003e+002	  7.2030898944991257e-006	
  8.9513099999999997e+002	  6.9621958266343963e-006	
  8.9544500000000005e+002	  7.3498606434553448e-006	
  8.9575999999999999e+002	  8.1304500056838395e-006	
  8.9607399999999996e+002	  8.3275481119512646e-006	
  8.9638900000000001e+002	  8.3759789045965361e-006	
  8.9670399999999995e+002	  8.7227336734962156e-006	
  8.9701800000000003e+002	  9.4808849704284145e-006	
  8.9733299999999997e+002	  1.0283827898066159e-005	
  8.9764700000000005e+002	  1.0295665424238345e-005	
  8.9796199999999999e+002	  1.0762052807009424e-005	
  8.9827599999999995e+002	  1.1271879612346371e-005	
  8.9859100000000001e+002	  1.1590859967769986e-005	
  8.9890599999999995e+002	  1.2645829276438660e-005	
  8.9922000000000003e+002	  1.1670767043912536e-005	
  8.9953399999999999e+002	  1.3768468075480627e-005	
  8.9984900000000005e+002	  1.3981797688170094e-005	
  9.0016300000000001e+002	  1.4414537619625228e-005	
  9.0047799999999995e+002	  1.5078235672794780e-005	
  9.0079200000000003e+002	  1.5739586664929028e-005	
  9.0110699999999997e+002	  1.6437041152523282e-005	
  9.0142100000000005e+002	  1.6385437483678061e-005	
  9.0173599999999999e+002	  1.6784297082941158e-005	
  9.0204999999999995e+002	  1.7659399226374274e-005	
  9.0236500000000001e+002	  1.9969286014473008e-005	
  9.0267899999999997e+002	  2.1040157860702664e-005	
  9.0299400000000003e+002	  2.0859068690789328e-005	
  9.0330799999999999e+002	  2.1709369411665535e-005	
  9.0362199999999996e+002	  2.2697590896370377e-005	
  9.0393700000000001e+002	  2.2517238079746349e-005	
  9.0425099999999998e+002	  2.4042529882168780e-005	
  9.0456500000000005e+002	  2.5157718105283103e-005	
  9.0488000000000000e+002	  2.6322565347873811e-005	
  9.0519399999999996e+002	  2.6903102404933803e-005	
  9.0550900000000001e+002	  2.7895859097025587e-005	
  9.0582299999999998e+002	  2.8849362854227037e-005	
  9.0613699999999994e+002	  2.9068405619871187e-005	
  9.0645200000000000e+002	  3.0103442296325236e-005	
  9.0676599999999996e+002	  3.1221407752210568e-005	
  9.0708000000000004e+002	  3.3616961287957951e-005	
  9.0739400000000001e+002	  3.4166777331136679e-005	
  9.0770899999999995e+002	  3.4343215738580984e-005	
  9.0802300000000002e+002	  3.6532273206013465e-005	
  9.0833699999999999e+002	  3.7334682464811564e-005	
  9.0865200000000004e+002	  3.7796803420322338e-005	
  9.0896600000000001e+002	  3.9973589230561470e-005	
  9.0927999999999997e+002	  4.1240884780408253e-005	
  9.0959400000000005e+002	  4.2245348706195605e-005	
  9.0990800000000002e+002	  4.2580861431732867e-005	
  9.1022299999999996e+002	  4.4780551584685799e-005	
  9.1053700000000003e+002	  4.5907204505227815e-005	
  9.1085100000000000e+002	  4.6626330074507139e-005	
  9.1116499999999996e+002	  5.0085783908467231e-005	
  9.1147900000000004e+002	  5.2190774814990535e-005	
  9.1179399999999998e+002	  5.2348550893478222e-005	
  9.1210799999999995e+002	  5.5043606446271681e-005	
  9.1242200000000003e+002	  5.4986318426893250e-005	
  9.1273599999999999e+002	  5.6966226744808621e-005	
  9.1304999999999995e+002	  6.0745261733646043e-005	
  9.1336400000000003e+002	  6.1300530406632487e-005	
  9.1367800000000000e+002	  6.1200858919704658e-005	
  9.1399300000000005e+002	  6.3338304734247028e-005	
  9.1430700000000002e+002	  6.4548742133728392e-005	
  9.1462099999999998e+002	  6.8295295268377412e-005	
  9.1493499999999995e+002	  7.1267829502436636e-005	
  9.1524900000000002e+002	  7.2158898205763641e-005	
  9.1556299999999999e+002	  7.4596638702910712e-005	
  9.1587699999999995e+002	  7.4816792972239707e-005	
  9.1619100000000003e+002	  7.9377980774091725e-005	
  9.1650500000000000e+002	  8.2031241002204671e-005	
  9.1681899999999996e+002	  8.3242613827338541e-005	
  9.1713300000000004e+002	  8.4478669715630703e-005	
  9.1744700000000000e+002	  8.6849431620003554e-005	
  9.1776099999999997e+002	  9.3046577766444256e-005	
  9.1807500000000005e+002	  9.7196524948884406e-005	
  9.1838900000000001e+002	  9.7706178789570255e-005	
  9.1870299999999997e+002	  1.0054643982658188e-004	
  9.1901700000000005e+002	  1.0328110279580770e-004	
  9.1933100000000002e+002	  1.0844174486880250e-004	
  9.1964499999999998e+002	  1.0988267795731739e-004	
  9.1995899999999995e+002	  1.1232233294015231e-004	
  9.2027300000000002e+002	  1.1673252161647031e-004	
  9.2058699999999999e+002	  1.2366721496873270e-004	
  9.2090099999999995e+002	  1.2596342133526991e-004	
  9.2121500000000003e+002	  1.2715811387085580e-004	
  9.2152900000000000e+002	  1.3136994067912191e-004	
  9.2184199999999998e+002	  1.3714024498308214e-004	
  9.2215599999999995e+002	  1.3967459451383996e-004	
  9.2247000000000003e+002	  1.4151048835547815e-004	
  9.2278399999999999e+002	  1.4905286160679334e-004	
  9.2309799999999996e+002	  1.5686408796138375e-004	
  9.2341200000000003e+002	  1.5974318602337875e-004	
  9.2372600000000000e+002	  1.6402255233167128e-004	
  9.2403899999999999e+002	  1.6791222477458378e-004	
