  8.9950599999999997e+002	  5.7315317473212455e-005	
  8.9965599999999995e+002	  5.6464279789372978e-005	
  8.9980600000000004e+002	  5.6595978540199238e-005	
  8.9995500000000004e+002	  5.8162005717130528e-005	
  9.0010500000000002e+002	  5.7624823220964157e-005	
  9.0025500000000000e+002	  5.8474707280978972e-005	
  9.0040499999999997e+002	  5.7563925701981917e-005	
  9.0055399999999997e+002	  5.8700010379158474e-005	
  9.0070399999999995e+002	  5.9483733159628188e-005	
  9.0085400000000004e+002	  5.9070521235974835e-005	
  9.0100400000000002e+002	  5.9796725508403369e-005	
  9.0115300000000002e+002	  6.0953329636655121e-005	
  9.0130300000000000e+002	  6.1428790765681257e-005	
  9.0145299999999997e+002	  6.0374101038789567e-005	
  9.0160299999999995e+002	  6.1519324274129052e-005	
  9.0175199999999995e+002	  6.1501125136350981e-005	
  9.0190200000000004e+002	  6.1384686224879093e-005	
  9.0205200000000002e+002	  6.1925159499843279e-005	
  9.0220200000000000e+002	  6.2091713389205753e-005	
  9.0235100000000000e+002	  6.3028743475922015e-005	
  9.0250099999999998e+002	  6.4209807721934186e-005	
  9.0265099999999995e+002	  6.5159804094868452e-005	
  9.0279999999999995e+002	  6.4500306020255410e-005	
  9.0295000000000005e+002	  6.5089980829838762e-005	
  9.0310000000000002e+002	  6.4784444922035190e-005	
  9.0325000000000000e+002	  6.4739058883626807e-005	
  9.0339900000000000e+002	  6.5290727808868220e-005	
  9.0354899999999998e+002	  6.5368013426538650e-005	
  9.0369899999999996e+002	  6.7567041427154268e-005	
  9.0384799999999996e+002	  6.6724951462191186e-005	
  9.0399800000000005e+002	  6.8371077917054292e-005	
  9.0414800000000002e+002	  6.8176651006755914e-005	
  9.0429800000000000e+002	  6.8770006154340527e-005	
  9.0444700000000000e+002	  6.8896530937633199e-005	
  9.0459699999999998e+002	  6.9394462958502419e-005	
  9.0474699999999996e+002	  6.9473920516172094e-005	
  9.0489599999999996e+002	  6.9315288807777779e-005	
  9.0504600000000005e+002	  7.0444175258576049e-005	
  9.0519600000000003e+002	  7.0914672557810936e-005	
  9.0534500000000003e+002	  7.1302402966815016e-005	
  9.0549500000000000e+002	  7.2339024818965201e-005	
  9.0564499999999998e+002	  7.1645279350538953e-005	
  9.0579399999999998e+002	  7.2808552725170942e-005	
  9.0594399999999996e+002	  7.4434029551063296e-005	
  9.0609400000000005e+002	  7.3646179681249052e-005	
  9.0624300000000005e+002	  7.5080034256171202e-005	
  9.0639300000000003e+002	  7.5594803021598363e-005	
  9.0654200000000003e+002	  7.6468914759993895e-005	
  9.0669200000000001e+002	  7.5993574318096853e-005	
  9.0684199999999998e+002	  7.6966387403187459e-005	
  9.0699099999999999e+002	  7.7035463791856493e-005	
  9.0714099999999996e+002	  7.8655251204585167e-005	
  9.0729100000000005e+002	  7.9385065670763776e-005	
  9.0744000000000005e+002	  8.0832043437705894e-005	
  9.0759000000000003e+002	  8.1985750133479741e-005	
  9.0774000000000001e+002	  8.0847713634253369e-005	
  9.0788900000000001e+002	  8.2513481869263784e-005	
  9.0803899999999999e+002	  8.2581759214242378e-005	
  9.0818799999999999e+002	  8.3690595557539706e-005	
  9.0833799999999997e+002	  8.4101314587160141e-005	
  9.0848800000000006e+002	  8.4193914547173572e-005	
  9.0863699999999994e+002	  8.4887164143952583e-005	
  9.0878700000000003e+002	  8.6040308615526143e-005	
  9.0893600000000004e+002	  8.5872709370034048e-005	
  9.0908600000000001e+002	  8.6569374180117776e-005	
  9.0923599999999999e+002	  8.6788382085293577e-005	
  9.0938499999999999e+002	  8.7056576872325897e-005	
  9.0953499999999997e+002	  8.8867874563117795e-005	
  9.0968399999999997e+002	  8.8898720168088008e-005	
  9.0983399999999995e+002	  9.0223678534307253e-005	
  9.0998400000000004e+002	  8.9856686760393496e-005	
  9.1013300000000004e+002	  9.0143787639000782e-005	
  9.1028300000000002e+002	  9.1260544120383465e-005	
  9.1043200000000002e+002	  9.3311363007515365e-005	
  9.1058199999999999e+002	  9.2995033986055344e-005	
  9.1073099999999999e+002	  9.3289421312933645e-005	
  9.1088099999999997e+002	  9.5054617582162657e-005	
  9.1102999999999997e+002	  9.3698447461265546e-005	
  9.1117999999999995e+002	  9.4500685278962502e-005	
  9.1133000000000004e+002	  9.5215257346960937e-005	
  9.1147900000000004e+002	  9.7736270305722562e-005	
  9.1162900000000002e+002	  9.8760724028202731e-005	
  9.1177800000000002e+002	  1.0086343522572291e-004	
  9.1192800000000000e+002	  1.0045735332074098e-004	
  9.1207700000000000e+002	  1.0131888833534073e-004	
  9.1222699999999998e+002	  1.0137687370191108e-004	
  9.1237599999999998e+002	  1.0267752606427808e-004	
  9.1252599999999995e+002	  1.0364159285616675e-004	
  9.1267499999999995e+002	  1.0420758398314864e-004	
  9.1282500000000005e+002	  1.0545830542888811e-004	
  9.1297400000000005e+002	  1.0565412640810172e-004	
  9.1312400000000002e+002	  1.0564021872812254e-004	
  9.1327300000000002e+002	  1.0839235189877251e-004	
  9.1342300000000000e+002	  1.0860171590758574e-004	
  9.1357200000000000e+002	  1.1115508226157943e-004	
  9.1372199999999998e+002	  1.1011678766450011e-004	
  9.1387099999999998e+002	  1.1144172987328473e-004	
  9.1402099999999996e+002	  1.1081415632084975e-004	
  9.1416999999999996e+002	  1.1157362574046211e-004	
  9.1432000000000005e+002	  1.1462895329432064e-004	
  9.1446900000000005e+002	  1.1479327291152954e-004	
  9.1461900000000003e+002	  1.1481741732720721e-004	
  9.1476800000000003e+002	  1.1615278619076021e-004	
  9.1491800000000001e+002	  1.1705334454023729e-004	
  9.1506700000000001e+002	  1.1982544232756410e-004	
  9.1521699999999998e+002	  1.2024015252991715e-004	
  9.1536599999999999e+002	  1.2370403625937569e-004	
  9.1551599999999996e+002	  1.2098875064402105e-004	
  9.1566499999999996e+002	  1.2344358277258498e-004	
  9.1581500000000005e+002	  1.2423546828649887e-004	
  9.1596400000000006e+002	  1.2546763590182033e-004	
  9.1611400000000003e+002	  1.2786229057847682e-004	
  9.1626300000000003e+002	  1.2792365209013384e-004	
  9.1641200000000003e+002	  1.2898390944375354e-004	
  9.1656200000000001e+002	  1.3054388362176587e-004	
  9.1671100000000001e+002	  1.3100645865281256e-004	
  9.1686099999999999e+002	  1.3439074621809404e-004	
  9.1700999999999999e+002	  1.3609849218182166e-004	
  9.1715999999999997e+002	  1.3641831276426080e-004	
  9.1730899999999997e+002	  1.3667871259260401e-004	
  9.1745799999999997e+002	  1.3837384445600866e-004	
  9.1760799999999995e+002	  1.4061502009791912e-004	
  9.1775699999999995e+002	  1.4066895352778710e-004	
  9.1790700000000004e+002	  1.4074574394137444e-004	
  9.1805600000000004e+002	  1.4290270377304492e-004	
  9.1820500000000004e+002	  1.4336622268524356e-004	
  9.1835500000000002e+002	  1.4573475415740806e-004	
  9.1850400000000002e+002	  1.4715271193318393e-004	
  9.1865400000000000e+002	  1.4942151503851279e-004	
  9.1880300000000000e+002	  1.4925457349530878e-004	
  9.1895200000000000e+002	  1.5294236369052026e-004	
  9.1910199999999998e+002	  1.5418984943958675e-004	
  9.1925099999999998e+002	  1.5575664310921855e-004	
  9.1939999999999998e+002	  1.5623969897648514e-004	
  9.1954999999999995e+002	  1.5794176673667527e-004	
  9.1969899999999996e+002	  1.6011564422731517e-004	
  9.1984900000000005e+002	  1.6363321486152595e-004	
  9.1999800000000005e+002	  1.6475616462334082e-004	
  9.2014700000000005e+002	  1.6524924513187087e-004	
  9.2029700000000003e+002	  1.6684345503656170e-004	
  9.2044600000000003e+002	  1.6840447270866543e-004	
  9.2059500000000003e+002	  1.7060820480900316e-004	
  9.2074500000000000e+002	  1.7274195537340522e-004	
  9.2089400000000001e+002	  1.7397758913083734e-004	
  9.2104300000000001e+002	  1.7666400313432056e-004	
  9.2119299999999998e+002	  1.7934086232749554e-004	
  9.2134199999999998e+002	  1.8288475476768080e-004	
  9.2149099999999999e+002	  1.8207776449421576e-004	
  9.2164099999999996e+002	  1.8472706738948351e-004	
  9.2178999999999996e+002	  1.8673889470498787e-004	
  9.2193899999999996e+002	  1.8953907933842048e-004	
  9.2208900000000006e+002	  1.9100184458606994e-004	
  9.2223800000000006e+002	  1.9148810340509297e-004	
  9.2238699999999994e+002	  1.9573232914420622e-004	
  9.2253700000000003e+002	  1.9881916098680235e-004	
  9.2268600000000004e+002	  2.0055720181424454e-004	
  9.2283500000000004e+002	  2.0250779644098859e-004	
  9.2298400000000004e+002	  2.0272954457625539e-004	
  9.2313400000000001e+002	  2.0640367466288193e-004	
  9.2328300000000002e+002	  2.0836239575576222e-004	
  9.2343200000000002e+002	  2.1027545395232303e-004	
  9.2358199999999999e+002	  2.1282356438163740e-004	
  9.2373099999999999e+002	  2.1814142128506907e-004	
  9.2388000000000000e+002	  2.2099272985505363e-004	
  9.2402900000000000e+002	  2.2209891750641446e-004	
  9.2417899999999997e+002	  2.2428281233574426e-004	
  9.2432799999999997e+002	  2.2688766061804266e-004	
  9.2447699999999998e+002	  2.2992129770090582e-004	
  9.2462599999999998e+002	  2.3098618240107078e-004	
  9.2477599999999995e+002	  2.3381039208475641e-004	
  9.2492499999999995e+002	  2.3868463484079180e-004	
  9.2507399999999996e+002	  2.4245862939177435e-004	
  9.2522299999999996e+002	  2.4233847801564002e-004	
  9.2537300000000005e+002	  2.4550654403341829e-004	
  9.2552200000000005e+002	  2.4744591772291611e-004	
  9.2567100000000005e+002	  2.5067383740177089e-004	
  9.2582000000000005e+002	  2.5388755055012698e-004	
  9.2597000000000003e+002	  2.5763899443469337e-004	
  9.2611900000000003e+002	  2.6136846342398489e-004	
  9.2626800000000003e+002	  2.6545857804293350e-004	
  9.2641700000000003e+002	  2.6714165500214365e-004	
  9.2656600000000003e+002	  2.7075155536976608e-004	
  9.2671600000000001e+002	  2.7355493277592054e-004	
  9.2686500000000001e+002	  2.7533339099377788e-004	
  9.2701400000000001e+002	  2.7740743501360209e-004	
  9.2716300000000001e+002	  2.8120082797382135e-004	
  9.2731200000000001e+002	  2.8763816140781539e-004	
  9.2746199999999999e+002	  2.8930824877185647e-004	
  9.2761099999999999e+002	  2.9305343151351176e-004	
  9.2775999999999999e+002	  2.9591874102599555e-004	
  9.2790899999999999e+002	  2.9938103440836140e-004	
  9.2805799999999999e+002	  3.0048113383231877e-004	
  9.2820699999999999e+002	  3.0421597886126281e-004	
  9.2835699999999997e+002	  3.1073334841207154e-004	
  9.2850599999999997e+002	  3.1446023884506034e-004	
  9.2865499999999997e+002	  3.1949806801299252e-004	
  9.2880399999999997e+002	  3.2167072650029544e-004	
  9.2895299999999997e+002	  3.2455721945171559e-004	
  9.2910199999999998e+002	  3.2770951957597282e-004	
  9.2925099999999998e+002	  3.3100232260275988e-004	
  9.2940099999999995e+002	  3.3420902350096194e-004	
  9.2954999999999995e+002	  3.4011162024602835e-004	
  9.2969899999999996e+002	  3.4251554630481280e-004	
  9.2984799999999996e+002	  3.4848171837141052e-004	
  9.2999699999999996e+002	  3.5221706623583273e-004	
  9.3014599999999996e+002	  3.5396040898907634e-004	
  9.3029499999999996e+002	  3.5749581777603904e-004	
  9.3044399999999996e+002	  3.6241015363045327e-004	
  9.3059400000000005e+002	  3.6594766298022100e-004	
  9.3074300000000005e+002	  3.7135907995744060e-004	
  9.3089200000000005e+002	  3.7716719002727010e-004	
  9.3104100000000005e+002	  3.7761350217191549e-004	
  9.3119000000000005e+002	  3.8271481847316135e-004	
  9.3133900000000006e+002	  3.8710164035646761e-004	
  9.3148800000000006e+002	  3.9079345701135244e-004	
  9.3163699999999994e+002	  3.9587208151752479e-004	
  9.3178599999999994e+002	  4.0014431698106348e-004	
  9.3193499999999995e+002	  4.0491952287056244e-004	
  9.3208399999999995e+002	  4.0783470766486864e-004	
  9.3223400000000004e+002	  4.1114255235855264e-004	
  9.3238300000000004e+002	  4.1297197398709311e-004	
  9.3253200000000004e+002	  4.1495087119618526e-004	
  9.3268100000000004e+002	  4.2251533644700181e-004	
  9.3283000000000004e+002	  4.2657675055056540e-004	
  9.3297900000000004e+002	  4.3135551135769509e-004	
  9.3312800000000004e+002	  4.3004364679690419e-004	
  9.3327700000000004e+002	  4.3629565466483743e-004	
  9.3342600000000004e+002	  4.4145953588821364e-004	
  9.3357500000000005e+002	  4.4719558262418116e-004	
  9.3372400000000005e+002	  4.5081588647998732e-004	
  9.3387300000000005e+002	  4.5449844678477564e-004	
  9.3402200000000005e+002	  4.5899355963437648e-004	
  9.3417100000000005e+002	  4.6249568988546310e-004	
  9.3432000000000005e+002	  4.6987836523435477e-004	
  9.3446900000000005e+002	  4.7186829463403453e-004	
  9.3461800000000005e+002	  4.7417761385793518e-004	
  9.3476700000000005e+002	  4.7548216406523709e-004	
  9.3491600000000005e+002	  4.7663425403800171e-004	
  9.3506500000000005e+002	  4.8410368971502977e-004	
  9.3521400000000006e+002	  4.8570082225118228e-004	
  9.3536300000000006e+002	  4.9102004719282094e-004	
  9.3551199999999994e+002	  4.9143171202475433e-004	
  9.3566099999999994e+002	  4.9837172938904163e-004	
  9.3580999999999995e+002	  5.0397350143596405e-004	
  9.3595899999999995e+002	  5.0687476462476469e-004	
  9.3610799999999995e+002	  5.0852618397845262e-004	
  9.3625699999999995e+002	  5.0857103578113021e-004	
  9.3640599999999995e+002	  5.1356950532885977e-004	
  9.3655499999999995e+002	  5.2042198633365459e-004	
  9.3670399999999995e+002	  5.1980274792987904e-004	
  9.3685299999999995e+002	  5.2682119324556713e-004	
  9.3700199999999995e+002	  5.2746821540258120e-004	
  9.3715099999999995e+002	  5.3610984081103679e-004	
  9.3729899999999998e+002	  5.3942716708427370e-004	
  9.3744799999999998e+002	  5.4064664056494775e-004	
  9.3759699999999998e+002	  5.4429852045107820e-004	
  9.3774599999999998e+002	  5.4244646841407405e-004	
  9.3789499999999998e+002	  5.5223868127665340e-004	
  9.3804399999999998e+002	  5.6104118032965558e-004	
  9.3819299999999998e+002	  5.5610226356061999e-004	
  9.3834199999999998e+002	  5.6343168290764903e-004	
  9.3849099999999999e+002	  5.6616592652940494e-004	
  9.3863999999999999e+002	  5.6721049498171150e-004	
  9.3878899999999999e+002	  5.6691805679354005e-004	
  9.3893799999999999e+002	  5.7713718857462296e-004	
  9.3908600000000001e+002	  5.8772904845764236e-004	
  9.3923500000000001e+002	  5.8265302529268931e-004	
  9.3938400000000001e+002	  5.8815441387481172e-004	
  9.3953300000000002e+002	  5.9256634045112865e-004	
  9.3968200000000002e+002	  5.9603956120167663e-004	
  9.3983100000000002e+002	  5.9760717160189057e-004	
  9.3998000000000002e+002	  6.0070709489842443e-004	
  9.4012900000000002e+002	  6.0845101864389522e-004	
  9.4027700000000004e+002	  6.1543774790773437e-004	
  9.4042600000000004e+002	  6.1791983317322440e-004	
  9.4057500000000005e+002	  6.1614951502252774e-004	
  9.4072400000000005e+002	  6.1833914449245791e-004	
  9.4087300000000005e+002	  6.2145621804931531e-004	
  9.4102200000000005e+002	  6.2679533375841097e-004	
  9.4116999999999996e+002	  6.3753125115162477e-004	
  9.4131899999999996e+002	  6.3906186389436133e-004	
  9.4146799999999996e+002	  6.3820781075533007e-004	
  9.4161699999999996e+002	  6.4367611434188983e-004	
  9.4176599999999996e+002	  6.4645315092040211e-004	
  9.4191499999999996e+002	  6.4900209147527373e-004	
  9.4206299999999999e+002	  6.5727956420257852e-004	
  9.4221199999999999e+002	  6.6729525818962640e-004	
  9.4236099999999999e+002	  6.7695781760478905e-004	
  9.4250999999999999e+002	  6.7591208436329757e-004	
  9.4265899999999999e+002	  6.7949473817169900e-004	
  9.4280700000000002e+002	  6.8819807000888552e-004	
  9.4295600000000002e+002	  6.8612343870007786e-004	
  9.4310500000000002e+002	  6.8527256789777016e-004	
  9.4325400000000002e+002	  6.8877595636228047e-004	
  9.4340200000000004e+002	  6.9159070056100142e-004	
  9.4355100000000004e+002	  6.9499726570738495e-004	
  9.4370000000000005e+002	  7.0124180914698533e-004	
  9.4384900000000005e+002	  7.0809379552237164e-004	
  9.4399699999999996e+002	  7.1657469445565497e-004	
  9.4414599999999996e+002	  7.1812191878682966e-004	
  9.4429499999999996e+002	  7.2188896346108246e-004	
  9.4444399999999996e+002	  7.3003318284162449e-004	
  9.4459299999999996e+002	  7.3451514940595076e-004	
  9.4474099999999999e+002	  7.3570874792344449e-004	
  9.4488999999999999e+002	  7.3948381574488124e-004	
  9.4503899999999999e+002	  7.4159361176681562e-004	
  9.4518700000000001e+002	  7.4827049859692090e-004	
  9.4533600000000001e+002	  7.5029031544085456e-004	
  9.4548500000000001e+002	  7.5285158277567789e-004	
  9.4563400000000001e+002	  7.6058514255595579e-004	
  9.4578200000000004e+002	  7.6439585174831756e-004	
  9.4593100000000004e+002	  7.6783454600454649e-004	
  9.4608000000000004e+002	  7.7003629560442807e-004	
  9.4622799999999995e+002	  7.7503734321186649e-004	
  9.4637699999999995e+002	  7.7674183579314071e-004	
  9.4652599999999995e+002	  7.7843993166379431e-004	
  9.4667399999999998e+002	  7.8120626179209668e-004	
  9.4682299999999998e+002	  7.9168384204324031e-004	
  9.4697199999999998e+002	  7.9526072517224766e-004	
  9.4712000000000000e+002	  8.0144280045850317e-004	
  9.4726900000000001e+002	  8.0478610371000948e-004	
  9.4741800000000001e+002	  8.1067717930201160e-004	
  9.4756600000000003e+002	  8.1537167407523059e-004	
  9.4771500000000003e+002	  8.2363572318108899e-004	
  9.4786400000000003e+002	  8.2766690857792146e-004	
  9.4801199999999994e+002	  8.2939025724990546e-004	
  9.4816099999999994e+002	  8.3454714110795761e-004	
  9.4830999999999995e+002	  8.4165447461329501e-004	
  9.4845799999999997e+002	  8.5002952728331096e-004	
  9.4860699999999997e+002	  8.5058559307113946e-004	
  9.4875500000000000e+002	  8.5716051183504910e-004	
  9.4890400000000000e+002	  8.6359501551607572e-004	
  9.4905300000000000e+002	  8.7087327516308121e-004	
  9.4920100000000002e+002	  8.7792541992652584e-004	
  9.4935000000000002e+002	  8.8673917285936289e-004	
  9.4949800000000005e+002	  8.9394850968831162e-004	
  9.4964700000000005e+002	  9.0412486751055403e-004	
  9.4979600000000005e+002	  9.1009513786896069e-004	
  9.4994399999999996e+002	  9.1661202774731131e-004	
  9.5009299999999996e+002	  9.2579618993025230e-004	
  9.5024099999999999e+002	  9.3436870520125317e-004	
  9.5038999999999999e+002	  9.3328223260776921e-004	
  9.5053899999999999e+002	  9.4221801158864431e-004	
  9.5068700000000001e+002	  9.4983959881150403e-004	
  9.5083600000000001e+002	  9.6278604067624306e-004	
  9.5098400000000004e+002	  9.6974165461209932e-004	
  9.5113300000000004e+002	  9.7529179982780542e-004	
  9.5128099999999995e+002	  9.8922500024084623e-004	
  9.5142999999999995e+002	  9.9564890844071026e-004	
  9.5157799999999997e+002	  1.0093602248750452e-003	
  9.5172699999999998e+002	  1.0205452497302496e-003	
  9.5187500000000000e+002	  1.0279265724183865e-003	
  9.5202400000000000e+002	  1.0401726342353880e-003	
  9.5217200000000003e+002	  1.0433450005256856e-003	
  9.5232100000000003e+002	  1.0542449131244443e-003	
  9.5247000000000003e+002	  1.0682982943749412e-003	
  9.5261800000000005e+002	  1.0680717420070364e-003	
  9.5276700000000005e+002	  1.0744939553412316e-003	
  9.5291499999999996e+002	  1.0879078683004185e-003	
  9.5306399999999996e+002	  1.0929933083204549e-003	
  9.5321199999999999e+002	  1.1070206720502063e-003	
  9.5336099999999999e+002	  1.1143595369549363e-003	
  9.5350900000000001e+002	  1.1167110448090517e-003	
  9.5365700000000004e+002	  1.1253438577235554e-003	
  9.5380600000000004e+002	  1.1377747011141852e-003	
  9.5395399999999995e+002	  1.1521632448920651e-003	
  9.5410299999999995e+002	  1.1603716166600755e-003	
  9.5425099999999998e+002	  1.1696196111081079e-003	
  9.5439999999999998e+002	  1.1768861741899078e-003	
  9.5454800000000000e+002	  1.1836253475515574e-003	
  9.5469700000000000e+002	  1.1971514212940058e-003	
  9.5484500000000003e+002	  1.2133565516473737e-003	
  9.5499400000000003e+002	  1.2206751467518560e-003	
  9.5514200000000005e+002	  1.2301056731054893e-003	
  9.5528999999999996e+002	  1.2416145696685329e-003	
  9.5543899999999996e+002	  1.2565760584854428e-003	
  9.5558699999999999e+002	  1.2611548811869583e-003	
  9.5573599999999999e+002	  1.2718620428790561e-003	
  9.5588400000000001e+002	  1.2816184629269847e-003	
  9.5603300000000002e+002	  1.2901533382587138e-003	
  9.5618100000000004e+002	  1.3008017544489958e-003	
  9.5632899999999995e+002	  1.3116943190292682e-003	
  9.5647799999999995e+002	  1.3274935803858088e-003	
  9.5662599999999998e+002	  1.3304381717678289e-003	
  9.5677400000000000e+002	  1.3441769323698813e-003	
  9.5692300000000000e+002	  1.3511587669060377e-003	
  9.5707100000000003e+002	  1.3545919070096933e-003	
  9.5722000000000003e+002	  1.3619057792272277e-003	
  9.5736800000000005e+002	  1.3682376075475075e-003	
  9.5751599999999996e+002	  1.3741275355511182e-003	
  9.5766499999999996e+002	  1.3810533166631800e-003	
  9.5781299999999999e+002	  1.3896302345971267e-003	
  9.5796100000000001e+002	  1.3911962024498804e-003	
  9.5811000000000001e+002	  1.4019408860685312e-003	
  9.5825800000000004e+002	  1.4028307789841271e-003	
  9.5840599999999995e+002	  1.4136324804814150e-003	
  9.5855499999999995e+002	  1.4176796339335929e-003	
  9.5870299999999997e+002	  1.4227003984449357e-003	
  9.5885100000000000e+002	  1.4278413068578863e-003	
  9.5900000000000000e+002	  1.4330716579317815e-003	
  9.5914800000000002e+002	  1.4345198613584275e-003	
  9.5929600000000005e+002	  1.4389515328343283e-003	
  9.5944500000000005e+002	  1.4453037313659827e-003	
  9.5959299999999996e+002	  1.4460120361888681e-003	
  9.5974099999999999e+002	  1.4519575678974264e-003	
  9.5988900000000001e+002	  1.4569554426021490e-003	
  9.6003800000000001e+002	  1.4583074090545418e-003	
  9.6018600000000004e+002	  1.4645571169708063e-003	
  9.6033399999999995e+002	  1.4698171227329655e-003	
  9.6048299999999995e+002	  1.4739541372909444e-003	
  9.6063099999999997e+002	  1.4765091707213841e-003	
  9.6077900000000000e+002	  1.4816918250039632e-003	
  9.6092700000000002e+002	  1.4848153438872060e-003	
  9.6107600000000002e+002	  1.4824931531929268e-003	
  9.6122400000000005e+002	  1.4866992075308668e-003	
  9.6137199999999996e+002	  1.4887383881491446e-003	
  9.6151999999999998e+002	  1.4870451033286937e-003	
  9.6166899999999998e+002	  1.4899187835668191e-003	
  9.6181700000000001e+002	  1.4899567434576773e-003	
  9.6196500000000003e+002	  1.4905759552803087e-003	
  9.6211300000000006e+002	  1.4937647626853583e-003	
  9.6226099999999997e+002	  1.4911937584096465e-003	
  9.6240999999999997e+002	  1.4952246659032202e-003	
  9.6255799999999999e+002	  1.4930003596746056e-003	
  9.6270600000000002e+002	  1.4911239738247366e-003	
  9.6285400000000004e+002	  1.4890920754631978e-003	
  9.6300199999999995e+002	  1.4900966192696863e-003	
  9.6315099999999995e+002	  1.4855162570824294e-003	
  9.6329899999999998e+002	  1.4907485693590407e-003	
  9.6344700000000000e+002	  1.4857803721334971e-003	
  9.6359500000000003e+002	  1.4862116392544940e-003	
  9.6374300000000005e+002	  1.4843972412961234e-003	
  9.6389099999999996e+002	  1.4804136489797025e-003	
  9.6403999999999996e+002	  1.4849856017409607e-003	
  9.6418799999999999e+002	  1.4845761833247066e-003	
  9.6433600000000001e+002	  1.4769216000943654e-003	
  9.6448400000000004e+002	  1.4730625288205687e-003	
  9.6463199999999995e+002	  1.4725554998600968e-003	
  9.6477999999999997e+002	  1.4708729659325039e-003	
  9.6492800000000000e+002	  1.4651163507378195e-003	
  9.6507600000000002e+002	  1.4638440550646750e-003	
  9.6522500000000002e+002	  1.4573821395873262e-003	
  9.6537300000000005e+002	  1.4568224659517294e-003	
  9.6552099999999996e+002	  1.4592543019583302e-003	
  9.6566899999999998e+002	  1.4508032379412065e-003	
  9.6581700000000001e+002	  1.4489367495607902e-003	
  9.6596500000000003e+002	  1.4432856978761673e-003	
  9.6611300000000006e+002	  1.4380904451613240e-003	
  9.6626099999999997e+002	  1.4357756690914620e-003	
  9.6640899999999999e+002	  1.4339761382751691e-003	
  9.6655700000000002e+002	  1.4272740534050756e-003	
  9.6670600000000002e+002	  1.4256391414808893e-003	
  9.6685400000000004e+002	  1.4236244556239945e-003	
  9.6700199999999995e+002	  1.4203985995260035e-003	
  9.6714999999999998e+002	  1.4132245619015956e-003	
  9.6729800000000000e+002	  1.4120928097920544e-003	
  9.6744600000000003e+002	  1.4076707191963201e-003	
  9.6759400000000005e+002	  1.4043069297444443e-003	
  9.6774199999999996e+002	  1.3946469829475402e-003	
  9.6788999999999999e+002	  1.3926248378889243e-003	
  9.6803800000000001e+002	  1.3932310131069946e-003	
  9.6818600000000004e+002	  1.3850140642012215e-003	
  9.6833399999999995e+002	  1.3830882939902460e-003	
  9.6848199999999997e+002	  1.3785844981277599e-003	
  9.6863000000000000e+002	  1.3749391241526026e-003	
  9.6877800000000002e+002	  1.3658607889580395e-003	
  9.6892600000000004e+002	  1.3612404653503042e-003	
  9.6907399999999996e+002	  1.3620806030113963e-003	
  9.6922199999999998e+002	  1.3562634478310708e-003	
  9.6937000000000000e+002	  1.3569376675326389e-003	
  9.6951800000000003e+002	  1.3475427657069158e-003	
  9.6966600000000005e+002	  1.3435068893761979e-003	
  9.6981399999999996e+002	  1.3370795112228222e-003	
  9.6996199999999999e+002	  1.3353258198706892e-003	
  9.7011000000000001e+002	  1.3313296985816635e-003	
  9.7025800000000004e+002	  1.3242093326152513e-003	
  9.7040599999999995e+002	  1.3220244358236942e-003	
  9.7055399999999997e+002	  1.3178328503376563e-003	
  9.7070200000000000e+002	  1.3094357468452261e-003	
  9.7084900000000005e+002	  1.3053839183009672e-003	
  9.7099699999999996e+002	  1.2997345058655015e-003	
  9.7114499999999998e+002	  1.2995173316191011e-003	
  9.7129300000000001e+002	  1.2950039082388807e-003	
  9.7144100000000003e+002	  1.2843476737939526e-003	
  9.7158900000000006e+002	  1.2822222489399199e-003	
  9.7173699999999997e+002	  1.2785179015422211e-003	
  9.7188499999999999e+002	  1.2685653814587150e-003	
  9.7203300000000002e+002	  1.2684056490153556e-003	
  9.7218100000000004e+002	  1.2620750774687268e-003	
  9.7232799999999997e+002	  1.2583422994446945e-003	
  9.7247600000000000e+002	  1.2470530260441975e-003	
  9.7262400000000002e+002	  1.2477522296722367e-003	
  9.7277200000000005e+002	  1.2413580814342863e-003	
  9.7291999999999996e+002	  1.2326399024733571e-003	
  9.7306799999999998e+002	  1.2286277213789791e-003	
  9.7321600000000001e+002	  1.2289790624053028e-003	
  9.7336400000000003e+002	  1.2180830331675844e-003	
  9.7351199999999994e+002	  1.2102115405503138e-003	
  9.7365999999999997e+002	  1.2047434738432928e-003	
  9.7380700000000002e+002	  1.1930959188645215e-003	
  9.7395500000000004e+002	  1.1939782797322281e-003	
  9.7410299999999995e+002	  1.1864699318070021e-003	
  9.7425099999999998e+002	  1.1790580891786438e-003	
  9.7439800000000002e+002	  1.1753545622946498e-003	
  9.7454600000000005e+002	  1.1672669421558036e-003	
  9.7469399999999996e+002	  1.1613565713919610e-003	
  9.7484199999999998e+002	  1.1575570979239710e-003	
  9.7499000000000001e+002	  1.1512137124989243e-003	
  9.7513699999999994e+002	  1.1484405681279604e-003	
  9.7528499999999997e+002	  1.1385644053174863e-003	
  9.7543299999999999e+002	  1.1338334781636164e-003	
  9.7558100000000002e+002	  1.1246415763869544e-003	
  9.7572799999999995e+002	  1.1207174752756839e-003	
  9.7587599999999998e+002	  1.1152284038091697e-003	
  9.7602400000000000e+002	  1.1094517552100926e-003	
  9.7617200000000003e+002	  1.1032050280435587e-003	
  9.7632000000000005e+002	  1.0975203050007010e-003	
  9.7646699999999998e+002	  1.0900419417955813e-003	
  9.7661500000000001e+002	  1.0814093498163712e-003	
  9.7676300000000003e+002	  1.0804193152110799e-003	
  9.7691099999999994e+002	  1.0748490399390914e-003	
  9.7705799999999999e+002	  1.0669118146806622e-003	
  9.7720600000000002e+002	  1.0606317168492664e-003	
  9.7735400000000004e+002	  1.0545846144072387e-003	
  9.7750199999999995e+002	  1.0514936770547856e-003	
  9.7764900000000000e+002	  1.0430533265868831e-003	
  9.7779700000000003e+002	  1.0403659165362212e-003	
  9.7794399999999996e+002	  1.0317706656471676e-003	
  9.7809199999999998e+002	  1.0270865988292923e-003	
  9.7824000000000001e+002	  1.0208278234350614e-003	
  9.7838699999999994e+002	  1.0079006722885473e-003	
  9.7853499999999997e+002	  1.0058454445034076e-003	
  9.7868299999999999e+002	  1.0010653714072110e-003	
  9.7883000000000004e+002	  9.9187996948591319e-004	
  9.7897799999999995e+002	  9.8396951421621769e-004	
  9.7912599999999998e+002	  9.8042066966876279e-004	
  9.7927300000000002e+002	  9.7557558330188098e-004	
  9.7942100000000005e+002	  9.6728902493070873e-004	
  9.7956799999999998e+002	  9.6244036828881032e-004	
  9.7971600000000001e+002	  9.5629328681720311e-004	
  9.7986400000000003e+002	  9.4891243176800600e-004	
  9.8001099999999997e+002	  9.3881036843768693e-004	
  9.8015899999999999e+002	  9.3834246305536835e-004	
  9.8030700000000002e+002	  9.2714351281465398e-004	
  9.8045399999999995e+002	  9.1834426983679795e-004	
  9.8060199999999998e+002	  9.1021265980843118e-004	
  9.8074900000000002e+002	  9.0626257967202058e-004	
  9.8089700000000005e+002	  8.9943500239260952e-004	
  9.8104399999999998e+002	  8.8658871859771963e-004	
  9.8119200000000001e+002	  8.8633449889930112e-004	
  9.8134000000000003e+002	  8.7975735419535057e-004	
  9.8148699999999997e+002	  8.7038805370571971e-004	
  9.8163499999999999e+002	  8.6032181238716746e-004	
  9.8178200000000004e+002	  8.5944084243783634e-004	
  9.8192999999999995e+002	  8.5255581756486071e-004	
  9.8207700000000000e+002	  8.4707881059648525e-004	
  9.8222500000000002e+002	  8.3888314502023303e-004	
  9.8237199999999996e+002	  8.3012253559975376e-004	
  9.8251999999999998e+002	  8.2483017059428406e-004	
  9.8266700000000003e+002	  8.1602418672729047e-004	
  9.8281500000000005e+002	  8.1229699748114879e-004	
  9.8296299999999997e+002	  8.0818848159537918e-004	
  9.8311000000000001e+002	  8.0237736466374175e-004	
  9.8325800000000004e+002	  7.9363721844098690e-004	
  9.8340499999999997e+002	  7.8632915222963526e-004	
  9.8355200000000002e+002	  7.7654508619343977e-004	
  9.8370000000000005e+002	  7.7507917252625091e-004	
  9.8384699999999998e+002	  7.6590002677514007e-004	
  9.8399500000000000e+002	  7.5805814292903887e-004	
  9.8414200000000005e+002	  7.5440057397665474e-004	
  9.8428999999999996e+002	  7.4535238040770752e-004	
  9.8443700000000001e+002	  7.4125593657482650e-004	
  9.8458500000000004e+002	  7.2993154572345543e-004	
  9.8473199999999997e+002	  7.3453308871494207e-004	
  9.8488000000000000e+002	  7.2117259909585426e-004	
  9.8502700000000004e+002	  7.1191132511623718e-004	
  9.8517399999999998e+002	  7.0750667268181043e-004	
  9.8532200000000000e+002	  6.9681312189784188e-004	
  9.8546900000000005e+002	  6.9123754171844076e-004	
  9.8561699999999996e+002	  6.8595345764764937e-004	
  9.8576400000000001e+002	  6.7983367647741328e-004	
  9.8591200000000003e+002	  6.6984421349625838e-004	
  9.8605899999999997e+002	  6.6483185742586875e-004	
  9.8620600000000002e+002	  6.5923877456026481e-004	
  9.8635400000000004e+002	  6.5415293110395215e-004	
  9.8650099999999998e+002	  6.4850438885688847e-004	
  9.8664800000000002e+002	  6.3713819831494973e-004	
  9.8679600000000005e+002	  6.3587673530972485e-004	
  9.8694299999999998e+002	  6.2612401198144246e-004	
  9.8709100000000001e+002	  6.2504331026140374e-004	
  9.8723800000000006e+002	  6.1571758414519847e-004	
  9.8738499999999999e+002	  6.0921658706102283e-004	
  9.8753300000000002e+002	  5.9979834607207586e-004	
  9.8767999999999995e+002	  5.9363814576235581e-004	
  9.8782700000000000e+002	  5.7990199199631220e-004	
  9.8797500000000002e+002	  5.8290797131977626e-004	
  9.8812199999999996e+002	  5.7702349844880553e-004	
  9.8826900000000001e+002	  5.6393165815030069e-004	
  9.8841700000000003e+002	  5.5729767102510885e-004	
  9.8856399999999996e+002	  5.5329520344798338e-004	
  9.8871100000000001e+002	  5.4522552037733854e-004	
  9.8885799999999995e+002	  5.4487950469012147e-004	
  9.8900599999999997e+002	  5.3611323464256380e-004	
  9.8915300000000002e+002	  5.2820092695947797e-004	
  9.8929999999999995e+002	  5.2801343089805262e-004	
  9.8944799999999998e+002	  5.1967959109605740e-004	
  9.8959500000000003e+002	  5.0915850187292918e-004	
  9.8974199999999996e+002	  5.0362455268492760e-004	
  9.8988900000000001e+002	  5.0207165580899086e-004	
  9.9003700000000003e+002	  5.0123801057562554e-004	
  9.9018399999999997e+002	  4.9149729703090890e-004	
  9.9033100000000002e+002	  4.8243830685704533e-004	
  9.9047799999999995e+002	  4.7502202182744878e-004	
  9.9062500000000000e+002	  4.7260947269122256e-004	
  9.9077300000000002e+002	  4.6451922384596503e-004	
  9.9091999999999996e+002	  4.5785402010949062e-004	
  9.9106700000000001e+002	  4.5156816371514849e-004	
  9.9121400000000006e+002	  4.4917571410032001e-004	
  9.9136199999999997e+002	  4.4067888732050783e-004	
  9.9150900000000001e+002	  4.3363052642147359e-004	
  9.9165599999999995e+002	  4.2751923953200682e-004	
  9.9180300000000000e+002	  4.2602195172790374e-004	
  9.9195000000000005e+002	  4.1830705194086516e-004	
  9.9209699999999998e+002	  4.0985775180631172e-004	
  9.9224500000000000e+002	  4.0691106677375220e-004	
  9.9239200000000005e+002	  4.0032762144679216e-004	
  9.9253899999999999e+002	  3.9262160963530270e-004	
  9.9268600000000004e+002	  3.8646475591474778e-004	
  9.9283299999999997e+002	  3.7599374880524424e-004	
  9.9298000000000002e+002	  3.7711653480570817e-004	
  9.9312699999999995e+002	  3.6816487292580839e-004	
  9.9327499999999998e+002	  3.6509402888459957e-004	
  9.9342200000000003e+002	  3.5469270976983068e-004	
  9.9356899999999996e+002	  3.5459395045937499e-004	
  9.9371600000000001e+002	  3.4369726884306360e-004	
  9.9386300000000006e+002	  3.4147015498920969e-004	
  9.9400999999999999e+002	  3.3456615785121252e-004	
  9.9415700000000004e+002	  3.2642920725296738e-004	
  9.9430399999999997e+002	  3.2756191117883695e-004	
  9.9445100000000002e+002	  3.1718671524748153e-004	
  9.9459799999999996e+002	  3.1350466739784303e-004	
  9.9474500000000000e+002	  3.0512626579280938e-004	
  9.9489300000000003e+002	  3.0192786959492050e-004	
  9.9503999999999996e+002	  2.9595160914506146e-004	
  9.9518700000000001e+002	  2.8891296730506840e-004	
  9.9533399999999995e+002	  2.8118769127691095e-004	
  9.9548099999999999e+002	  2.7583770727705086e-004	
  9.9562800000000004e+002	  2.7193957621511638e-004	
  9.9577499999999998e+002	  2.7159704240376539e-004	
  9.9592200000000003e+002	  2.6757307148842321e-004	
  9.9606899999999996e+002	  2.5916488862485901e-004	
  9.9621600000000001e+002	  2.5404674502412905e-004	
  9.9636300000000006e+002	  2.4911457268977753e-004	
  9.9650999999999999e+002	  2.3948842035365948e-004	
  9.9665700000000004e+002	  2.3604212147101708e-004	
  9.9680399999999997e+002	  2.3139216448675256e-004	
  9.9695100000000002e+002	  2.2828709331461716e-004	
  9.9709799999999996e+002	  2.2320065276302238e-004	
  9.9724500000000000e+002	  2.1968229309918453e-004	
  9.9739200000000005e+002	  2.0876148869068933e-004	
  9.9753899999999999e+002	  2.0643727698632557e-004	
  9.9768600000000004e+002	  2.0143973584120972e-004	
  9.9783299999999997e+002	  1.9478006461130191e-004	
  9.9797900000000004e+002	  1.9121360792462755e-004	
  9.9812599999999998e+002	  1.8798503833381905e-004	
  9.9827300000000002e+002	  1.8349345518869556e-004	
  9.9841999999999996e+002	  1.7489189581385782e-004	
  9.9856700000000001e+002	  1.7526071553268307e-004	
  9.9871400000000006e+002	  1.6589468123412402e-004	
  9.9886099999999999e+002	  1.5723475235299641e-004	
  9.9900800000000004e+002	  1.5715185583498051e-004	
  9.9915499999999997e+002	  1.5068884812740555e-004	
  9.9930200000000002e+002	  1.4707942571633642e-004	
  9.9944899999999996e+002	  1.4203532075580922e-004	
  9.9959500000000003e+002	  1.3955460570935139e-004	
  9.9974199999999996e+002	  1.2859080112293954e-004	
  9.9988900000000001e+002	  1.2551312941185537e-004	
  1.0000359999999999e+003	  1.2315454914350952e-004	
  1.0001830000000000e+003	  1.2049900784920318e-004	
  1.0003300000000000e+003	  1.1416338311771485e-004	
  1.0004770000000000e+003	  1.1267368867748061e-004	
  1.0006230000000000e+003	  1.0509857863418058e-004	
  1.0007700000000000e+003	  1.0274917484922165e-004	
  1.0009170000000000e+003	  9.9110208345512275e-005	
  1.0010640000000000e+003	  9.3717375655849347e-005	
  1.0012110000000000e+003	  8.4403268945684934e-005	
  1.0013570000000000e+003	  9.0755740918562581e-005	
  1.0015040000000000e+003	  8.5573018940536587e-005	
  1.0016510000000000e+003	  7.8114315524265127e-005	
  1.0017980000000000e+003	  7.4221795972320912e-005	
  1.0019450000000001e+003	  6.9562548653195693e-005	
  1.0020910000000000e+003	  6.9552287864274722e-005	
  1.0022380000000001e+003	  5.8681243218817471e-005	
  1.0023850000000000e+003	  5.7033796864815847e-005	
  1.0025320000000000e+003	  5.5024529316111321e-005	
  1.0026780000000000e+003	  5.5640029058283160e-005	
  1.0028250000000000e+003	  4.7385546931732035e-005	
  1.0029720000000000e+003	  4.2362998874453168e-005	
  1.0031190000000000e+003	  4.4534413953571871e-005	
  1.0032650000000000e+003	  3.2953022687325943e-005	
  1.0034120000000000e+003	  3.6692653536842428e-005	
  1.0035590000000000e+003	  3.3382035434644131e-005	
  1.0037060000000000e+003	  2.8927475306372548e-005	
  1.0038520000000000e+003	  2.0696916780208769e-005	
  1.0039990000000000e+003	  1.9942570195019845e-005	
  1.0041460000000000e+003	  1.6835908749234240e-005	
  1.0042920000000000e+003	  1.4833255368921271e-005	
  1.0044390000000000e+003	  9.7648941036056148e-006	
  1.0045860000000000e+003	  5.3624295874854858e-006	
  1.0047320000000000e+003	  3.6944158088653931e-006	
  1.0048790000000000e+003	  1.7865707823938112e-007	
  1.0050260000000000e+003	 -7.3634139941922708e-006	
  1.0051720000000000e+003	 -6.8669869592500622e-006	
  1.0053190000000000e+003	 -1.3192131262218412e-005	
  1.0054660000000000e+003	 -1.5539648621712731e-005	
  1.0056120000000000e+003	 -1.9682901166422001e-005	
  1.0057590000000000e+003	 -2.0882516435836926e-005	
  1.0059050000000000e+003	 -1.7968137974026635e-005	
  1.0060520000000000e+003	 -2.4381883522785243e-005	
  1.0061990000000000e+003	 -3.1403630208876862e-005	
  1.0063450000000000e+003	 -3.6407231062270519e-005	
  1.0064920000000000e+003	 -3.9169523988787056e-005	
  1.0066380000000000e+003	 -4.3846491072292165e-005	
  1.0067850000000000e+003	 -4.4760806485089728e-005	
  1.0069320000000000e+003	 -4.3263248405122368e-005	
  1.0070780000000000e+003	 -4.3940183002591856e-005	
  1.0072250000000000e+003	 -5.3106161125123256e-005	
  1.0073710000000000e+003	 -5.1978317692143713e-005	
  1.0075180000000000e+003	 -5.6937225266929046e-005	
  1.0076640000000000e+003	 -5.8635882465921819e-005	
  1.0078110000000000e+003	 -6.4762773453997234e-005	
  1.0079580000000000e+003	 -6.5624603061131706e-005	
  1.0081040000000000e+003	 -6.8058180431466037e-005	
  1.0082510000000000e+003	 -6.9805738198027960e-005	
  1.0083970000000000e+003	 -7.2553994894018943e-005	
  1.0085440000000000e+003	 -7.7133745047396575e-005	
  1.0086900000000001e+003	 -7.8499792744222312e-005	
  1.0088370000000000e+003	 -7.9730645743239287e-005	
  1.0089829999999999e+003	 -8.3047192172385162e-005	
  1.0091300000000000e+003	 -8.5280309626617704e-005	
  1.0092760000000000e+003	 -8.6863281234234792e-005	
  1.0094220000000000e+003	 -9.5882634468859938e-005	
  1.0095690000000000e+003	 -9.8851794369802541e-005	
  1.0097150000000000e+003	 -9.3766304137285245e-005	
  1.0098620000000000e+003	 -1.0078999458721509e-004	
  1.0100080000000000e+003	 -1.0278703815411939e-004	
  1.0101550000000000e+003	 -9.9655276237330353e-005	
  1.0103010000000000e+003	 -1.0951830582444940e-004	
  1.0104480000000000e+003	 -1.0833360284690444e-004	
  1.0105940000000001e+003	 -1.0712258921499657e-004	
  1.0107400000000000e+003	 -1.1373126367303122e-004	
  1.0108869999999999e+003	 -1.1193662310487005e-004	
  1.0110330000000000e+003	 -1.1599549866879849e-004	
  1.0111799999999999e+003	 -1.1347435399884306e-004	
  1.0113260000000000e+003	 -1.1958108034787728e-004	
  1.0114720000000000e+003	 -1.2377556118670638e-004	
  1.0116190000000000e+003	 -1.2287927398930187e-004	
  1.0117650000000000e+003	 -1.2418151825758052e-004	
  1.0119120000000000e+003	 -1.2989803230608758e-004	
  1.0120580000000000e+003	 -1.3018439312958551e-004	
  1.0122040000000000e+003	 -1.3621012819434110e-004	
  1.0123510000000000e+003	 -1.3781881201809916e-004	
  1.0124970000000000e+003	 -1.4011302324789680e-004	
  1.0126430000000000e+003	 -1.4139029802794398e-004	
  1.0127900000000000e+003	 -1.4190282947954474e-004	
  1.0129360000000000e+003	 -1.4272577645590111e-004	
  1.0130820000000000e+003	 -1.5469079382805440e-004	
  1.0132290000000000e+003	 -1.5754053981684358e-004	
  1.0133750000000000e+003	 -1.6307465528345210e-004	
  1.0135210000000000e+003	 -1.5883144086238353e-004	
  1.0136670000000000e+003	 -1.6503472263316996e-004	
  1.0138140000000000e+003	 -1.6581982390508120e-004	
  1.0139600000000000e+003	 -1.7020805575356499e-004	
  1.0141060000000000e+003	 -1.6290789772774759e-004	
  1.0142530000000000e+003	 -1.6847822929856078e-004	
  1.0143990000000000e+003	 -1.6859573059117546e-004	
  1.0145450000000000e+003	 -1.7158083385361328e-004	
  1.0146910000000000e+003	 -1.7390664033731888e-004	
  1.0148380000000000e+003	 -1.7074691669381129e-004	
  1.0149840000000000e+003	 -1.7797091289379122e-004	
  1.0151300000000000e+003	 -1.7533808634480962e-004	
  1.0152760000000000e+003	 -1.7379372085100554e-004	
  1.0154230000000000e+003	 -1.7548547016858496e-004	
  1.0155690000000000e+003	 -1.8477620109950035e-004	
  1.0157150000000000e+003	 -1.8222203489480344e-004	
  1.0158610000000000e+003	 -1.8262117823117802e-004	
  1.0160069999999999e+003	 -1.7726347622876713e-004	
  1.0161540000000000e+003	 -1.8342390605465353e-004	
  1.0163000000000000e+003	 -1.8172227938362010e-004	
  1.0164460000000000e+003	 -1.8380519049448441e-004	
  1.0165920000000000e+003	 -1.8281838372420314e-004	
  1.0167380000000001e+003	 -1.8462968390791303e-004	
  1.0168840000000000e+003	 -1.9131516014544064e-004	
  1.0170300000000000e+003	 -1.9853907740511004e-004	
  1.0171770000000000e+003	 -1.9502254971888257e-004	
  1.0173230000000000e+003	 -1.9349635461792948e-004	
  1.0174690000000001e+003	 -1.9540046934099744e-004	
  1.0176150000000000e+003	 -1.9583059895377208e-004	
  1.0177610000000000e+003	 -1.9598684083243974e-004	
  1.0179070000000000e+003	 -1.9668153865298833e-004	
  1.0180530000000000e+003	 -1.9478425086005621e-004	
  1.0181990000000000e+003	 -1.9828095709825073e-004	
  1.0183460000000000e+003	 -1.9831661419049748e-004	
  1.0184920000000000e+003	 -2.0511557033068981e-004	
  1.0186380000000000e+003	 -2.0381478796859179e-004	
  1.0187840000000000e+003	 -2.1108761664583774e-004	
  1.0189299999999999e+003	 -2.0704761165079517e-004	
  1.0190760000000000e+003	 -2.1695703413253438e-004	
  1.0192220000000000e+003	 -2.1330858740383217e-004	
  1.0193680000000001e+003	 -2.1462888254890098e-004	
  1.0195140000000000e+003	 -2.2134856718663458e-004	
  1.0196600000000000e+003	 -2.2203923354119907e-004	
  1.0198060000000000e+003	 -2.1714296537120672e-004	
  1.0199520000000000e+003	 -2.1505910712084974e-004	
  1.0200980000000000e+003	 -2.1485462754672739e-004	
  1.0202440000000000e+003	 -2.1922241259259646e-004	
  1.0203900000000000e+003	 -2.1192624603382008e-004	
  1.0205359999999999e+003	 -2.1398920362728193e-004	
  1.0206820000000000e+003	 -2.1256290897523112e-004	
  1.0208280000000000e+003	 -2.0873808422188723e-004	
  1.0209740000000000e+003	 -2.1498926279609761e-004	
  1.0211200000000000e+003	 -2.1985098070147218e-004	
  1.0212660000000000e+003	 -2.1723155637014610e-004	
  1.0214120000000000e+003	 -2.1962893092780834e-004	
  1.0215580000000000e+003	 -2.1719013661688011e-004	
  1.0217040000000000e+003	 -2.1761043055713758e-004	
  1.0218500000000000e+003	 -2.2034219570000760e-004	
  1.0219960000000000e+003	 -2.2409117593001347e-004	
  1.0221420000000001e+003	 -2.1768716492656401e-004	
  1.0222870000000000e+003	 -2.1563881218401683e-004	
  1.0224330000000000e+003	 -2.1236902676972913e-004	
  1.0225790000000000e+003	 -2.1607567094441088e-004	
  1.0227250000000000e+003	 -2.1996377047822782e-004	
  1.0228710000000000e+003	 -2.2117874644524537e-004	
  1.0230170000000001e+003	 -2.2145746904948774e-004	
  1.0231630000000000e+003	 -2.1700145933490248e-004	
  1.0233090000000000e+003	 -2.1762938770769662e-004	
  1.0234550000000000e+003	 -2.2114690578936341e-004	
  1.0236000000000000e+003	 -2.2767862479876715e-004	
  1.0237460000000000e+003	 -2.2674812113157990e-004	
  1.0238920000000001e+003	 -2.2455757630460984e-004	
  1.0240380000000000e+003	 -2.3196035329374880e-004	
  1.0241840000000000e+003	 -2.3453428509219901e-004	
  1.0243290000000000e+003	 -2.3412688744698290e-004	
  1.0244749999999999e+003	 -2.3716214284427316e-004	
  1.0246210000000001e+003	 -2.3900649545346728e-004	
  1.0247670000000001e+003	 -2.3958277718261477e-004	
  1.0249130000000000e+003	 -2.3104283216370948e-004	
  1.0250580000000000e+003	 -2.3677425822162925e-004	
  1.0252040000000000e+003	 -2.3699166605218474e-004	
  1.0253499999999999e+003	 -2.3055960928920161e-004	
  1.0254960000000001e+003	 -2.2964793935416721e-004	
  1.0256420000000001e+003	 -2.3399212212108856e-004	
  1.0257870000000000e+003	 -2.2832603353911769e-004	
  1.0259330000000000e+003	 -2.3297305231601801e-004	
  1.0260790000000000e+003	 -2.3482201239335602e-004	
  1.0262249999999999e+003	 -2.3523858187831918e-004	
  1.0263699999999999e+003	 -2.3506643390936414e-004	
  1.0265160000000001e+003	 -2.3299669957762428e-004	
  1.0266620000000000e+003	 -2.3633966694162363e-004	
  1.0268070000000000e+003	 -2.3430672592433290e-004	
  1.0269530000000000e+003	 -2.3168457063661184e-004	
  1.0270989999999999e+003	 -2.3024911793980562e-004	
  1.0272449999999999e+003	 -2.3242111259404847e-004	
  1.0273900000000001e+003	 -2.3616979708323944e-004	
  1.0275360000000001e+003	 -2.3068297317503265e-004	
  1.0276820000000000e+003	 -2.2313995784235203e-004	
  1.0278270000000000e+003	 -2.3118984913602216e-004	
  1.0279730000000000e+003	 -2.3385892603809360e-004	
  1.0281189999999999e+003	 -2.3314127285486470e-004	
  1.0282639999999999e+003	 -2.3050911274798033e-004	
  1.0284100000000001e+003	 -2.3836452960217599e-004	
  1.0285550000000001e+003	 -2.4040158678570152e-004	
  1.0287010000000000e+003	 -2.3820271518747429e-004	
  1.0288470000000000e+003	 -2.4199855169605190e-004	
  1.0289920000000000e+003	 -2.4171128113232451e-004	
  1.0291379999999999e+003	 -2.3467857588533529e-004	
  1.0292829999999999e+003	 -2.2919739210192783e-004	
  1.0294290000000001e+003	 -2.3019556455796604e-004	
  1.0295750000000000e+003	 -2.2458043503099831e-004	
  1.0297200000000000e+003	 -2.2913241343842138e-004	
  1.0298660000000000e+003	 -2.2347107366041519e-004	
  1.0300110000000000e+003	 -2.3017361595027247e-004	
  1.0301569999999999e+003	 -2.2652113616277226e-004	
  1.0303019999999999e+003	 -2.2730327840989116e-004	
  1.0304480000000001e+003	 -2.2823892064784238e-004	
  1.0305930000000001e+003	 -2.2502713806681171e-004	
  1.0307390000000000e+003	 -2.2819925907879737e-004	
  1.0308850000000000e+003	 -2.2992183839848013e-004	
  1.0310300000000000e+003	 -2.2771294636114581e-004	
  1.0311759999999999e+003	 -2.2787220359656466e-004	
  1.0313209999999999e+003	 -2.2366765360216345e-004	
  1.0314670000000001e+003	 -2.2082326945047084e-004	
  1.0316120000000001e+003	 -2.1832314617024627e-004	
  1.0317570000000001e+003	 -2.2417856462025190e-004	
  1.0319030000000000e+003	 -2.2607492487952295e-004	
  1.0320480000000000e+003	 -2.1628566898382025e-004	
  1.0321940000000000e+003	 -2.2118276207296110e-004	
  1.0323389999999999e+003	 -2.2837333374415805e-004	
  1.0324849999999999e+003	 -2.3180429466701814e-004	
  1.0326300000000001e+003	 -2.3747705225259959e-004	
  1.0327760000000001e+003	 -2.4357608491596791e-004	
  1.0329210000000000e+003	 -2.3861740751687251e-004	
  1.0330670000000000e+003	 -2.4268849083405023e-004	
  1.0332120000000000e+003	 -2.4509651805922208e-004	
  1.0333570000000000e+003	 -2.3983940213492800e-004	
  1.0335029999999999e+003	 -2.3662842180857682e-004	
  1.0336479999999999e+003	 -2.2932962350560672e-004	
  1.0337929999999999e+003	 -2.3296241282129846e-004	
  1.0339390000000001e+003	 -2.2991492915495136e-004	
  1.0340840000000001e+003	 -2.2109657456269199e-004	
  1.0342300000000000e+003	 -2.2656180172143215e-004	
  1.0343750000000000e+003	 -2.2328925445001617e-004	
  1.0345200000000000e+003	 -2.2485700146876163e-004	
  1.0346659999999999e+003	 -2.3967397559155595e-004	
  1.0348109999999999e+003	 -2.3005448289716479e-004	
  1.0349559999999999e+003	 -2.2818092243762712e-004	
  1.0351020000000001e+003	 -2.3014156737139084e-004	
  1.0352470000000001e+003	 -2.3311307126947395e-004	
  1.0353920000000001e+003	 -2.2496346867466920e-004	
  1.0355380000000000e+003	 -2.1648226720297770e-004	
  1.0356830000000000e+003	 -2.0696258832061378e-004	
  1.0358280000000000e+003	 -2.1169128603011088e-004	
  1.0359730000000000e+003	 -2.2718233270426652e-004	
  1.0361189999999999e+003	 -2.2276705910882625e-004	
  1.0362639999999999e+003	 -2.1585182011522430e-004	
  1.0364090000000001e+003	 -2.2477577777471692e-004	
  1.0365540000000001e+003	 -2.3562126159776478e-004	
  1.0367000000000000e+003	 -2.2890472241554277e-004	
  1.0368450000000000e+003	 -2.2418461297658967e-004	
  1.0369900000000000e+003	 -2.2270113390212011e-004	
  1.0371350000000000e+003	 -2.1168125045936760e-004	
  1.0372809999999999e+003	 -2.1739808982514122e-004	
  1.0374259999999999e+003	 -2.1381960168780420e-004	
  1.0375709999999999e+003	 -2.0455544857219161e-004	
  1.0377159999999999e+003	 -2.1233552407334165e-004	
  1.0378610000000001e+003	 -2.0368852815074009e-004	
  1.0380060000000001e+003	 -2.0209204594483633e-004	
  1.0381520000000000e+003	 -2.1145997748268740e-004	
  1.0382970000000000e+003	 -2.1099986576694117e-004	
  1.0384420000000000e+003	 -2.1484878446430150e-004	
  1.0385870000000000e+003	 -2.1131054552061819e-004	
  1.0387320000000000e+003	 -2.0967429342140536e-004	
  1.0388770000000000e+003	 -2.0555918208723279e-004	
  1.0390219999999999e+003	 -2.0459904095449262e-004	
  1.0391679999999999e+003	 -2.0294489821047612e-004	
  1.0393130000000001e+003	 -2.0135101360687615e-004	
  1.0394580000000001e+003	 -2.0411079330192827e-004	
  1.0396030000000001e+003	 -2.1121822002111423e-004	
  1.0397480000000000e+003	 -2.1161591815167837e-004	
  1.0398930000000000e+003	 -2.1445790175814622e-004	
  1.0400380000000000e+003	 -2.2099408197223959e-004	
  1.0401830000000000e+003	 -2.1446821802560237e-004	
  1.0403280000000000e+003	 -2.1053910803139691e-004	
  1.0404739999999999e+003	 -2.0235852163407505e-004	
  1.0406179999999999e+003	 -2.0552877783507479e-004	
  1.0407639999999999e+003	 -1.9804457244971925e-004	
  1.0409090000000001e+003	 -1.9125380539547737e-004	
  1.0410540000000001e+003	 -2.0211712004209503e-004	
  1.0411990000000001e+003	 -2.0449821458358301e-004	
  1.0413440000000001e+003	 -2.0645445973594716e-004	
  1.0414890000000000e+003	 -2.0966578866936361e-004	
  1.0416340000000000e+003	 -2.1149395929246940e-004	
  1.0417790000000000e+003	 -2.1386379137736775e-004	
  1.0419240000000000e+003	 -2.0066955290022300e-004	
  1.0420690000000000e+003	 -2.0090180086898467e-004	
  1.0422139999999999e+003	 -2.0266170522735482e-004	
  1.0423589999999999e+003	 -1.9175367792736007e-004	
  1.0425039999999999e+003	 -1.8819096596788166e-004	
  1.0426489999999999e+003	 -1.8868763566749820e-004	
  1.0427929999999999e+003	 -1.9721572652847834e-004	
  1.0429380000000001e+003	 -1.8429007996985828e-004	
  1.0430830000000001e+003	 -1.8911381827785929e-004	
  1.0432280000000001e+003	 -1.8865326557514315e-004	
  1.0433730000000000e+003	 -1.8748606167154141e-004	
  1.0435180000000000e+003	 -1.8892115380254304e-004	
  1.0436630000000000e+003	 -1.8313595297221718e-004	
  1.0438080000000000e+003	 -1.8190097018211420e-004	
  1.0439530000000000e+003	 -1.9072738276616904e-004	
  1.0440980000000000e+003	 -1.9324854233818896e-004	
  1.0442429999999999e+003	 -1.9102314196374896e-004	
  1.0443869999999999e+003	 -1.9559847212996992e-004	
  1.0445319999999999e+003	 -1.9234459916151055e-004	
  1.0446769999999999e+003	 -1.8510661134020937e-004	
  1.0448219999999999e+003	 -1.9697410913101525e-004	
  1.0449670000000001e+003	 -1.8893106278454325e-004	
  1.0451120000000001e+003	 -1.8886447227134531e-004	
  1.0452560000000001e+003	 -1.9186567082997999e-004	
  1.0454010000000001e+003	 -1.8771363467816701e-004	
  1.0455460000000000e+003	 -1.8072412139690303e-004	
  1.0456910000000000e+003	 -1.7644776928382895e-004	
  1.0458360000000000e+003	 -1.7731638970111730e-004	
  1.0459800000000000e+003	 -1.8208898918778898e-004	
  1.0461250000000000e+003	 -1.8273679522130351e-004	
  1.0462700000000000e+003	 -1.7391266479647167e-004	
  1.0464150000000000e+003	 -1.7765898915867204e-004	
  1.0465590000000000e+003	 -1.7943724543248202e-004	
  1.0467040000000000e+003	 -1.6819337407641255e-004	
  1.0468489999999999e+003	 -1.6864012562370966e-004	
  1.0469939999999999e+003	 -1.6845784399590382e-004	
  1.0471379999999999e+003	 -1.6616954724633150e-004	
  1.0472829999999999e+003	 -1.7659397447737708e-004	
  1.0474280000000001e+003	 -1.8261788466504531e-004	
  1.0475730000000001e+003	 -1.7884692295289635e-004	
  1.0477170000000001e+003	 -1.7162075191189195e-004	
  1.0478620000000001e+003	 -1.6676971048654017e-004	
  1.0480070000000001e+003	 -1.7076385505449202e-004	
  1.0481510000000001e+003	 -1.6797959008176203e-004	
  1.0482960000000000e+003	 -1.7247523921932228e-004	
  1.0484410000000000e+003	 -1.7319639400369488e-004	
  1.0485850000000000e+003	 -1.6549489622159165e-004	
  1.0487300000000000e+003	 -1.6820747408036269e-004	
  1.0488750000000000e+003	 -1.6416745222684078e-004	
  1.0490190000000000e+003	 -1.6364807948998254e-004	
  1.0491640000000000e+003	 -1.7515608900646449e-004	
  1.0493080000000000e+003	 -1.6798272043382572e-004	
  1.0494530000000000e+003	 -1.6243725704595779e-004	
  1.0495980000000000e+003	 -1.6346215065578441e-004	
  1.0497420000000000e+003	 -1.6123400312552657e-004	
  1.0498869999999999e+003	 -1.6007147192539787e-004	
  1.0500309999999999e+003	 -1.6627341572349774e-004	
  1.0501759999999999e+003	 -1.4918231689279324e-004	
