  6.5000000000000000e+002	  1.5985344025699017e-003	
  6.5029999999999995e+002	  1.6183955453079170e-003	
  6.5060000000000002e+002	  1.6243592119572841e-003	
  6.5089999999999998e+002	  1.6177149763419729e-003	
  6.5120000000000005e+002	  1.6605316991464914e-003	
  6.5150000000000000e+002	  1.6532320701683621e-003	
  6.5179999999999995e+002	  1.6504384532944180e-003	
  6.5210000000000002e+002	  1.6484224678801364e-003	
  6.5239999999999998e+002	  1.6534749861474298e-003	
  6.5270000000000005e+002	  1.6716809143005312e-003	
  6.5300000000000000e+002	  1.6502003728792924e-003	
  6.5329999999999995e+002	  1.6660810761687369e-003	
  6.5360000000000002e+002	  1.6816787714215762e-003	
  6.5389999999999998e+002	  1.7144551593206835e-003	
  6.5420000000000005e+002	  1.7195584103572746e-003	
  6.5450000000000000e+002	  1.7266738709580721e-003	
  6.5479999999999995e+002	  1.7186120094314710e-003	
  6.5510000000000002e+002	  1.7208166254080975e-003	
  6.5539999999999998e+002	  1.7381579299267837e-003	
  6.5570000000000005e+002	  1.7550292860746429e-003	
  6.5600000000000000e+002	  1.7835829037297403e-003	
  6.5629999999999995e+002	  1.7683085257986638e-003	
  6.5660000000000002e+002	  1.8152550488601670e-003	
  6.5689999999999998e+002	  1.8366315271061936e-003	
  6.5720000000000005e+002	  1.8044900359190290e-003	
  6.5750000000000000e+002	  1.8120007775349629e-003	
  6.5779999999999995e+002	  1.8325947122232718e-003	
  6.5810000000000002e+002	  1.8380373125499287e-003	
  6.5839999999999998e+002	  1.8559981992374692e-003	
  6.5870000000000005e+002	  1.8809620707646601e-003	
  6.5900000000000000e+002	  1.8943824077039657e-003	
  6.5929999999999995e+002	  1.8886859237290247e-003	
  6.5960000000000002e+002	  1.8882411616339557e-003	
  6.5989999999999998e+002	  1.8908707206821247e-003	
  6.6020000000000005e+002	  1.9125231671256284e-003	
  6.6050000000000000e+002	  1.9309260438216387e-003	
  6.6079999999999995e+002	  1.9252731847587319e-003	
  6.6110000000000002e+002	  1.9309111991529981e-003	
  6.6139999999999998e+002	  1.9422627439813949e-003	
  6.6170000000000005e+002	  1.9313491364016460e-003	
  6.6200000000000000e+002	  1.9201946415133104e-003	
  6.6229999999999995e+002	  1.9612954250683274e-003	
  6.6260000000000002e+002	  1.9742579399032270e-003	
  6.6289999999999998e+002	  1.9450340474170104e-003	
  6.6320000000000005e+002	  1.9519917464788392e-003	
  6.6350000000000000e+002	  1.9748776929258225e-003	
  6.6379999999999995e+002	  1.9676622441339294e-003	
  6.6410000000000002e+002	  1.9728019495280366e-003	
  6.6439999999999998e+002	  1.9541195992518368e-003	
  6.6470000000000005e+002	  1.9547790960081561e-003	
  6.6500000000000000e+002	  1.9593111656345105e-003	
  6.6529999999999995e+002	  1.9654844202544267e-003	
  6.6560000000000002e+002	  1.9646697789861699e-003	
  6.6589999999999998e+002	  1.9468198735938848e-003	
  6.6620000000000005e+002	  1.9462432153419971e-003	
  6.6650000000000000e+002	  1.9709273727778276e-003	
  6.6679999999999995e+002	  1.9693813924940308e-003	
  6.6710000000000002e+002	  1.9598890560653102e-003	
  6.6739999999999998e+002	  1.9615064759736273e-003	
  6.6770000000000005e+002	  1.9739136566239153e-003	
  6.6800000000000000e+002	  1.9660560302280894e-003	
  6.6829999999999995e+002	  1.9525586581991684e-003	
  6.6860000000000002e+002	  1.9726530815859953e-003	
  6.6889999999999998e+002	  1.9565685976356607e-003	
  6.6920000000000005e+002	  1.9631575790345483e-003	
  6.6950000000000000e+002	  1.9471326137851244e-003	
  6.6979999999999995e+002	  1.9510128488293165e-003	
  6.7010000000000002e+002	  1.9656264652965797e-003	
  6.7039999999999998e+002	  1.9644578307040708e-003	
  6.7070000000000005e+002	  1.9589461367070060e-003	
  6.7100000000000000e+002	  1.9624801700815100e-003	
  6.7129999999999995e+002	  1.9654999811477480e-003	
  6.7160000000000002e+002	  1.9606562444200492e-003	
  6.7189999999999998e+002	  1.9631420368912867e-003	
  6.7220000000000005e+002	  1.9817798277705564e-003	
  6.7250000000000000e+002	  1.9735294560442899e-003	
  6.7279999999999995e+002	  1.9921118979144147e-003	
  6.7310000000000002e+002	  1.9895224600915040e-003	
  6.7339999999999998e+002	  1.9792144643837671e-003	
  6.7370000000000005e+002	  1.9839868260103973e-003	
  6.7400000000000000e+002	  2.0000556673027184e-003	
  6.7429999999999995e+002	  1.9780422545175366e-003	
  6.7460000000000002e+002	  1.9877112207546226e-003	
  6.7489999999999998e+002	  2.0066101562705540e-003	
  6.7520000000000005e+002	  1.9957781900355725e-003	
  6.7550000000000000e+002	  1.9815936672474624e-003	
  6.7579999999999995e+002	  1.9840397772851073e-003	
  6.7610000000000002e+002	  1.9889957041968700e-003	
  6.7639999999999998e+002	  1.9859911846769680e-003	
  6.7670000000000005e+002	  1.9806687324163534e-003	
  6.7700000000000000e+002	  1.9887873029573308e-003	
  6.7729999999999995e+002	  2.0070991655930228e-003	
  6.7760000000000002e+002	  1.9905493782528955e-003	
  6.7789999999999998e+002	  2.0095590175480244e-003	
  6.7820000000000005e+002	  2.0037159738262741e-003	
  6.7850000000000000e+002	  1.9948810201135952e-003	
  6.7879999999999995e+002	  2.0199552509037886e-003	
  6.7910000000000002e+002	  1.9985811421003117e-003	
  6.7939999999999998e+002	  2.0336260173060209e-003	
  6.7970000000000005e+002	  2.0353117717551656e-003	
  6.8000000000000000e+002	  2.0319294566190182e-003	
  6.8029999999999995e+002	  2.0104161005783652e-003	
  6.8060000000000002e+002	  2.0183359515004704e-003	
  6.8089999999999998e+002	  2.0332910567779456e-003	
  6.8120000000000005e+002	  2.0333239407677329e-003	
  6.8150000000000000e+002	  2.0389635023160485e-003	
  6.8179999999999995e+002	  2.0516550759143558e-003	
  6.8210000000000002e+002	  2.0520325668578190e-003	
  6.8239999999999998e+002	  2.0522961828741220e-003	
  6.8270000000000005e+002	  2.0708374245750646e-003	
  6.8300000000000000e+002	  2.0825552366644413e-003	
  6.8329999999999995e+002	  2.0896645906833219e-003	
  6.8360000000000002e+002	  2.0937510135411331e-003	
  6.8389999999999998e+002	  2.1004051944912691e-003	
  6.8420000000000005e+002	  2.0871894520947936e-003	
  6.8450000000000000e+002	  2.1096201565953703e-003	
  6.8479999999999995e+002	  2.1086766275804801e-003	
  6.8510000000000002e+002	  2.0858063404514504e-003	
  6.8539999999999998e+002	  2.1184486464778840e-003	
  6.8570000000000005e+002	  2.1226234742420884e-003	
  6.8600000000000000e+002	  2.1267964988245058e-003	
  6.8629999999999995e+002	  2.1233382455758481e-003	
  6.8660000000000002e+002	  2.1374970304785974e-003	
  6.8689999999999998e+002	  2.1608733168001744e-003	
  6.8720000000000005e+002	  2.1579320614329143e-003	
  6.8750000000000000e+002	  2.1563206120630333e-003	
  6.8779999999999995e+002	  2.1615748428938414e-003	
  6.8810000000000002e+002	  2.1731796180135951e-003	
  6.8839999999999998e+002	  2.1829881841900190e-003	
  6.8870000000000005e+002	  2.2084863349589434e-003	
  6.8900000000000000e+002	  2.2104333699640615e-003	
  6.8929999999999995e+002	  2.2001712252220367e-003	
  6.8960000000000002e+002	  2.2202073167980406e-003	
  6.8989999999999998e+002	  2.2424667087372597e-003	
  6.9020000000000005e+002	  2.2340223126333996e-003	
  6.9050000000000000e+002	  2.2404343917968332e-003	
  6.9079999999999995e+002	  2.2543530279876961e-003	
  6.9110000000000002e+002	  2.2901481731328038e-003	
  6.9139999999999998e+002	  2.2954416517259693e-003	
  6.9170000000000005e+002	  2.2842393678066480e-003	
  6.9200000000000000e+002	  2.2956956534919866e-003	
  6.9229999999999995e+002	  2.3165570513826905e-003	
  6.9260000000000002e+002	  2.3275847775387410e-003	
  6.9289999999999998e+002	  2.3396035002133950e-003	
  6.9320000000000005e+002	  2.3576950194948943e-003	
  6.9350000000000000e+002	  2.3695783803043898e-003	
  6.9379999999999995e+002	  2.3820266567454989e-003	
  6.9410000000000002e+002	  2.3946154161115256e-003	
  6.9439999999999998e+002	  2.4143279397543988e-003	
  6.9470000000000005e+002	  2.4485773328059629e-003	
  6.9500000000000000e+002	  2.4595359161044550e-003	
  6.9529999999999995e+002	  2.4625634811909981e-003	
  6.9560000000000002e+002	  2.4797779291855361e-003	
  6.9589999999999998e+002	  2.5117040911843045e-003	
  6.9620000000000005e+002	  2.5260930776014926e-003	
  6.9650000000000000e+002	  2.5312178196311261e-003	
  6.9679999999999995e+002	  2.5275893341165034e-003	
  6.9710000000000002e+002	  2.5400219190744458e-003	
  6.9739999999999998e+002	  2.5657238443465569e-003	
  6.9770000000000005e+002	  2.5845095596315100e-003	
  6.9800000000000000e+002	  2.5900439055987381e-003	
  6.9829999999999995e+002	  2.5919890649326043e-003	
  6.9860000000000002e+002	  2.6268959800337462e-003	
  6.9889999999999998e+002	  2.6346206938647099e-003	
  6.9920000000000005e+002	  2.6557744974766298e-003	
  6.9950000000000000e+002	  2.6781960125158199e-003	
  6.9979999999999995e+002	  2.6903703480856884e-003	
  7.0010000000000002e+002	  2.7229935458576633e-003	
  7.0039999999999998e+002	  2.7450674348456334e-003	
  7.0070000000000005e+002	  2.7825110407229720e-003	
  7.0100000000000000e+002	  2.7828846671480644e-003	
  7.0129999999999995e+002	  2.8061049412356426e-003	
  7.0160000000000002e+002	  2.8455459161561909e-003	
  7.0189999999999998e+002	  2.8659456104845418e-003	
  7.0220000000000005e+002	  2.8996219796200377e-003	
  7.0250000000000000e+002	  2.9295480150421547e-003	
  7.0279999999999995e+002	  2.9492690334674012e-003	
  7.0310000000000002e+002	  2.9842027071706732e-003	
  7.0339999999999998e+002	  2.9988784284456409e-003	
  7.0370000000000005e+002	  2.9897121226184027e-003	
  7.0400000000000000e+002	  3.0379939634895508e-003	
  7.0429999999999995e+002	  3.0628735471513804e-003	
  7.0460000000000002e+002	  3.0795999442567354e-003	
  7.0489999999999998e+002	  3.1130779654648883e-003	
  7.0520000000000005e+002	  3.1290960015014761e-003	
  7.0550000000000000e+002	  3.1824886222786590e-003	
  7.0579999999999995e+002	  3.1925306041382024e-003	
  7.0610000000000002e+002	  3.1929415557222915e-003	
  7.0639999999999998e+002	  3.2705582611449588e-003	
  7.0670000000000005e+002	  3.2819512464794341e-003	
  7.0700000000000000e+002	  3.3287418235841619e-003	
  7.0729999999999995e+002	  3.3579583365539066e-003	
  7.0760000000000002e+002	  3.3805218609996028e-003	
  7.0789999999999998e+002	  3.4083281735155253e-003	
  7.0820000000000005e+002	  3.4405538944342275e-003	
  7.0850000000000000e+002	  3.4844162504620211e-003	
  7.0879999999999995e+002	  3.5216395326396225e-003	
  7.0910000000000002e+002	  3.5647188914813299e-003	
  7.0939999999999998e+002	  3.5927610853331922e-003	
  7.0970000000000005e+002	  3.6327677168555830e-003	
  7.1000000000000000e+002	  3.6850747641896443e-003	
  7.1029999999999995e+002	  3.7292811295032242e-003	
  7.1060000000000002e+002	  3.7529175688907411e-003	
  7.1089999999999998e+002	  3.8010559352616587e-003	
  7.1120000000000005e+002	  3.8533704535700015e-003	
  7.1150000000000000e+002	  3.8949203378619208e-003	
  7.1179999999999995e+002	  3.9418774201616684e-003	
  7.1210000000000002e+002	  4.0067738156712813e-003	
  7.1239999999999998e+002	  4.0501191721001193e-003	
  7.1270000000000005e+002	  4.0979845262476529e-003	
  7.1300000000000000e+002	  4.1597357954174874e-003	
  7.1329999999999995e+002	  4.2171856804914800e-003	
  7.1360000000000002e+002	  4.2744709192062786e-003	
  7.1389999999999998e+002	  4.3334374592581071e-003	
  7.1420000000000005e+002	  4.3816804281756145e-003	
  7.1450000000000000e+002	  4.4305342303105257e-003	
  7.1479999999999995e+002	  4.4857761592932074e-003	
  7.1510000000000002e+002	  4.5620855014149361e-003	
  7.1539999999999998e+002	  4.6060318973928848e-003	
  7.1570000000000005e+002	  4.6652426247871803e-003	
  7.1600000000000000e+002	  4.7282400455995336e-003	
  7.1629999999999995e+002	  4.7997365403704478e-003	
  7.1660000000000002e+002	  4.8742241494858516e-003	
  7.1689999999999998e+002	  4.9441121463982864e-003	
  7.1720000000000005e+002	  4.9895427377885338e-003	
  7.1750000000000000e+002	  5.0587787058806134e-003	
  7.1779999999999995e+002	  5.1301193904885649e-003	
  7.1810000000000002e+002	  5.1903808260266590e-003	
  7.1839999999999998e+002	  5.2498636158178590e-003	
  7.1870000000000005e+002	  5.3342077821448824e-003	
  7.1900000000000000e+002	  5.4323863041747262e-003	
  7.1929999999999995e+002	  5.5040382150513857e-003	
  7.1960000000000002e+002	  5.5540122293697503e-003	
  7.1989999999999998e+002	  5.6181300668534289e-003	
  7.2020000000000005e+002	  5.7056723171671113e-003	
  7.2050000000000000e+002	  5.7732573007224482e-003	
  7.2079999999999995e+002	  5.8340388776887001e-003	
  7.2110000000000002e+002	  5.9373787651516513e-003	
  7.2139999999999998e+002	  6.0274916510466153e-003	
  7.2170000000000005e+002	  6.0977089250659634e-003	
  7.2200000000000000e+002	  6.1774775547875204e-003	
  7.2229999999999995e+002	  6.2501689939816136e-003	
  7.2260000000000002e+002	  6.3253638421021429e-003	
  7.2289999999999998e+002	  6.4002934206932620e-003	
  7.2320000000000005e+002	  6.4851913815302956e-003	
  7.2350000000000000e+002	  6.5798174198177326e-003	
  7.2379999999999995e+002	  6.6687486738774395e-003	
  7.2410000000000002e+002	  6.7525366329295924e-003	
  7.2439999999999998e+002	  6.8420661855344020e-003	
  7.2470000000000005e+002	  6.9390440893589162e-003	
  7.2500000000000000e+002	  7.0350330745062462e-003	
  7.2529999999999995e+002	  7.1211544700363894e-003	
  7.2560000000000002e+002	  7.2148516067101339e-003	
  7.2589999999999998e+002	  7.3009337684874411e-003	
  7.2620000000000005e+002	  7.3987289736140126e-003	
  7.2650000000000000e+002	  7.5047430420714196e-003	
  7.2679999999999995e+002	  7.6157958549241001e-003	
  7.2710000000000002e+002	  7.7147036718778449e-003	
  7.2739999999999998e+002	  7.8507666163162744e-003	
  7.2770000000000005e+002	  7.9553786015973404e-003	
  7.2800000000000000e+002	  8.1050912581698224e-003	
  7.2829999999999995e+002	  8.2399137344452891e-003	
  7.2860000000000002e+002	  8.3655398700741498e-003	
  7.2889999999999998e+002	  8.5052583685463635e-003	
  7.2920000000000005e+002	  8.6448215723712689e-003	
  7.2950000000000000e+002	  8.7992312071405194e-003	
  7.2979999999999995e+002	  8.9715747848460002e-003	
  7.3010000000000002e+002	  9.1239529257959029e-003	
  7.3039999999999998e+002	  9.2719324451728292e-003	
  7.3070000000000005e+002	  9.4511114372236062e-003	
  7.3100000000000000e+002	  9.6195584371947321e-003	
  7.3129999999999995e+002	  9.7941015791177047e-003	
  7.3160000000000002e+002	  9.9657490968944971e-003	
  7.3189999999999998e+002	  1.0157784278880503e-002	
  7.3220000000000005e+002	  1.0333506791259318e-002	
  7.3250000000000000e+002	  1.0513125568233582e-002	
  7.3279999999999995e+002	  1.0671299417420984e-002	
  7.3310000000000002e+002	  1.0818515005915182e-002	
  7.3339999999999998e+002	  1.0975114712486829e-002	
  7.3370000000000005e+002	  1.1138656805066273e-002	
  7.3400000000000000e+002	  1.1284292869520342e-002	
  7.3429999999999995e+002	  1.1434363444747114e-002	
  7.3460000000000002e+002	  1.1577006176866465e-002	
  7.3489999999999998e+002	  1.1712690648306335e-002	
  7.3520000000000005e+002	  1.1845004222713553e-002	
  7.3550000000000000e+002	  1.1953370824480674e-002	
  7.3579999999999995e+002	  1.2057937990182186e-002	
  7.3610000000000002e+002	  1.2175560468532378e-002	
  7.3639999999999998e+002	  1.2268388707221101e-002	
  7.3670000000000005e+002	  1.2352399504225823e-002	
  7.3700000000000000e+002	  1.2450268898464636e-002	
  7.3729999999999995e+002	  1.2520397024845363e-002	
  7.3760000000000002e+002	  1.2614942838445241e-002	
  7.3789999999999998e+002	  1.2656098205519759e-002	
  7.3820000000000005e+002	  1.2725964588914725e-002	
  7.3850000000000000e+002	  1.2775821908194889e-002	
  7.3879999999999995e+002	  1.2839426919475410e-002	
  7.3910000000000002e+002	  1.2891943790337026e-002	
  7.3939999999999998e+002	  1.2927468160856211e-002	
  7.3970000000000005e+002	  1.2965089488771892e-002	
  7.4000000000000000e+002	  1.2983067609566497e-002	
  7.4029999999999995e+002	  1.3009905890227949e-002	
  7.4060000000000002e+002	  1.3047668967449615e-002	
  7.4089999999999998e+002	  1.3063861244017962e-002	
  7.4120000000000005e+002	  1.3086860525513538e-002	
  7.4150000000000000e+002	  1.3093259248362323e-002	
  7.4179999999999995e+002	  1.3088972652181757e-002	
  7.4210000000000002e+002	  1.3097982226748984e-002	
  7.4239999999999998e+002	  1.3117362504693962e-002	
  7.4270000000000005e+002	  1.3099331339642757e-002	
  7.4300000000000000e+002	  1.3116967314973060e-002	
  7.4329999999999995e+002	  1.3118718905357398e-002	
  7.4360000000000002e+002	  1.3139106762334735e-002	
  7.4389999999999998e+002	  1.3144950246187236e-002	
  7.4420000000000005e+002	  1.3124268801670922e-002	
  7.4450000000000000e+002	  1.3106733362627942e-002	
  7.4479999999999995e+002	  1.3096149593395594e-002	
  7.4510000000000002e+002	  1.3106314190657531e-002	
  7.4539999999999998e+002	  1.3098818363806533e-002	
  7.4570000000000005e+002	  1.3083669989327572e-002	
  7.4600000000000000e+002	  1.3087723075654135e-002	
  7.4629999999999995e+002	  1.3086209850065724e-002	
  7.4660000000000002e+002	  1.3068566403749909e-002	
  7.4689999999999998e+002	  1.3050682121429492e-002	
  7.4720000000000005e+002	  1.3059330444849068e-002	
  7.4750000000000000e+002	  1.3068713378147724e-002	
  7.4779999999999995e+002	  1.3047064802576183e-002	
  7.4810000000000002e+002	  1.3056170549177810e-002	
  7.4839999999999998e+002	  1.3031396561614448e-002	
  7.4870000000000005e+002	  1.3028641099891807e-002	
  7.4900000000000000e+002	  1.3009465158989809e-002	
  7.4929999999999995e+002	  1.3014437372942739e-002	
  7.4960000000000002e+002	  1.2994139542112926e-002	
  7.4989999999999998e+002	  1.2996081523463343e-002	
  7.5020000000000005e+002	  1.2976647627209318e-002	
  7.5050000000000000e+002	  1.2958915384776698e-002	
  7.5079999999999995e+002	  1.2965702916087752e-002	
  7.5110000000000002e+002	  1.2963777376074338e-002	
  7.5139999999999998e+002	  1.2951924489002588e-002	
  7.5170000000000005e+002	  1.2946601237006155e-002	
  7.5200000000000000e+002	  1.2938069955294893e-002	
  7.5229999999999995e+002	  1.2931298430517489e-002	
  7.5260000000000002e+002	  1.2907136539399825e-002	
  7.5289999999999998e+002	  1.2914047635031083e-002	
  7.5320000000000005e+002	  1.2906312414479537e-002	
  7.5350000000000000e+002	  1.2905315832965617e-002	
  7.5379999999999995e+002	  1.2911760259428818e-002	
  7.5410000000000002e+002	  1.2867872233440495e-002	
  7.5439999999999998e+002	  1.2866629730749627e-002	
  7.5470000000000005e+002	  1.2844658784315470e-002	
  7.5500000000000000e+002	  1.2837446819199145e-002	
  7.5529999999999995e+002	  1.2829195666994659e-002	
  7.5560000000000002e+002	  1.2832347006392587e-002	
  7.5589999999999998e+002	  1.2817367026128288e-002	
  7.5620000000000005e+002	  1.2805264602327166e-002	
  7.5650000000000000e+002	  1.2796338653502130e-002	
  7.5679999999999995e+002	  1.2777329210849970e-002	
  7.5710000000000002e+002	  1.2759009617705996e-002	
  7.5739999999999998e+002	  1.2761218580320095e-002	
  7.5770000000000005e+002	  1.2774670886849519e-002	
  7.5800000000000000e+002	  1.2739364941336824e-002	
  7.5829999999999995e+002	  1.2738190966678681e-002	
  7.5860000000000002e+002	  1.2703925009439372e-002	
  7.5889999999999998e+002	  1.2696581359901555e-002	
  7.5920000000000005e+002	  1.2671098921629530e-002	
  7.5950000000000000e+002	  1.2675009195309835e-002	
  7.5979999999999995e+002	  1.2635289927028318e-002	
  7.6010000000000002e+002	  1.2638933032125842e-002	
  7.6039999999999998e+002	  1.2640021478141540e-002	
  7.6070000000000005e+002	  1.2637640701468127e-002	
  7.6100000000000000e+002	  1.2620663634493818e-002	
  7.6129999999999995e+002	  1.2612227828139911e-002	
  7.6160000000000002e+002	  1.2602112175501404e-002	
  7.6189999999999998e+002	  1.2577827792157719e-002	
  7.6220000000000005e+002	  1.2544329581543117e-002	
  7.6250000000000000e+002	  1.2523746376833905e-002	
  7.6279999999999995e+002	  1.2521611853678378e-002	
  7.6310000000000002e+002	  1.2514181378150325e-002	
  7.6339999999999998e+002	  1.2507273451944124e-002	
  7.6370000000000005e+002	  1.2491866796621127e-002	
  7.6400000000000000e+002	  1.2454423584234384e-002	
  7.6429999999999995e+002	  1.2456811100253488e-002	
  7.6460000000000002e+002	  1.2429918524636346e-002	
  7.6489999999999998e+002	  1.2432771272132312e-002	
  7.6520000000000005e+002	  1.2403380647604463e-002	
  7.6550000000000000e+002	  1.2383681021121293e-002	
  7.6579999999999995e+002	  1.2357452969888050e-002	
  7.6610000000000002e+002	  1.2362068974283861e-002	
  7.6639999999999998e+002	  1.2348017620946238e-002	
  7.6670000000000005e+002	  1.2329481345277527e-002	
  7.6700000000000000e+002	  1.2293073726704858e-002	
  7.6729999999999995e+002	  1.2269083003928111e-002	
  7.6760000000000002e+002	  1.2258182155718469e-002	
  7.6789999999999998e+002	  1.2240708721128214e-002	
  7.6820000000000005e+002	  1.2219283853170873e-002	
  7.6850000000000000e+002	  1.2195749406226610e-002	
  7.6879999999999995e+002	  1.2183595671769250e-002	
  7.6910000000000002e+002	  1.2168722328155794e-002	
  7.6939999999999998e+002	  1.2146101229338461e-002	
  7.6970000000000005e+002	  1.2111224044189031e-002	
  7.7000000000000000e+002	  1.2093246873201029e-002	
  7.7029999999999995e+002	  1.2057769357238511e-002	
  7.7060000000000002e+002	  1.2043754770019110e-002	
  7.7089999999999998e+002	  1.2036581990490207e-002	
  7.7120000000000005e+002	  1.2011316836654918e-002	
  7.7150000000000000e+002	  1.1986866903971220e-002	
  7.7179999999999995e+002	  1.1971400174022557e-002	
  7.7210000000000002e+002	  1.1971499117044829e-002	
  7.7239999999999998e+002	  1.1938390555550966e-002	
  7.7270000000000005e+002	  1.1900726711566218e-002	
  7.7300000000000000e+002	  1.1881016286223994e-002	
  7.7329999999999995e+002	  1.1861825336708395e-002	
  7.7360000000000002e+002	  1.1829943389497848e-002	
  7.7389999999999998e+002	  1.1803831404977715e-002	
  7.7420000000000005e+002	  1.1790420367260733e-002	
  7.7450000000000000e+002	  1.1745915615960115e-002	
  7.7479999999999995e+002	  1.1723649203198201e-002	
  7.7510000000000002e+002	  1.1682253528812943e-002	
  7.7539999999999998e+002	  1.1661826071882823e-002	
  7.7570000000000005e+002	  1.1652407673685883e-002	
  7.7600000000000000e+002	  1.1614579268277067e-002	
  7.7629999999999995e+002	  1.1607496010079675e-002	
  7.7660000000000002e+002	  1.1547355246249370e-002	
  7.7689999999999998e+002	  1.1543466788650845e-002	
  7.7720000000000005e+002	  1.1521604378201811e-002	
  7.7750000000000000e+002	  1.1490927611129485e-002	
  7.7779999999999995e+002	  1.1463075932957719e-002	
  7.7810000000000002e+002	  1.1437748227976927e-002	
  7.7839999999999998e+002	  1.1413638438851828e-002	
  7.7870000000000005e+002	  1.1378801360693677e-002	
  7.7900000000000000e+002	  1.1339413721554123e-002	
  7.7929999999999995e+002	  1.1317167035357014e-002	
  7.7960000000000002e+002	  1.1301819364331585e-002	
  7.7989999999999998e+002	  1.1261185310124983e-002	
  7.8020000000000005e+002	  1.1211155645576829e-002	
  7.8050000000000000e+002	  1.1213394261664515e-002	
  7.8079999999999995e+002	  1.1156694637103422e-002	
  7.8110000000000002e+002	  1.1157579383594476e-002	
  7.8139999999999998e+002	  1.1119604343951962e-002	
  7.8170000000000005e+002	  1.1099870185925667e-002	
  7.8200000000000000e+002	  1.1066447036837755e-002	
  7.8229999999999995e+002	  1.1020584449445972e-002	
  7.8260000000000002e+002	  1.0994469581966251e-002	
  7.8289999999999998e+002	  1.0965275180531801e-002	
  7.8320000000000005e+002	  1.0940729172896211e-002	
  7.8350000000000000e+002	  1.0898704526344078e-002	
  7.8379999999999995e+002	  1.0858814952550137e-002	
  7.8410000000000002e+002	  1.0837347949460755e-002	
  7.8439999999999998e+002	  1.0815589796411352e-002	
  7.8470000000000005e+002	  1.0790811688613932e-002	
  7.8500000000000000e+002	  1.0765253563511736e-002	
  7.8529999999999995e+002	  1.0730975414541141e-002	
  7.8560000000000002e+002	  1.0701258074996537e-002	
  7.8589999999999998e+002	  1.0647229998805911e-002	
  7.8620000000000005e+002	  1.0615118009084174e-002	
  7.8650000000000000e+002	  1.0606185709422199e-002	
  7.8679999999999995e+002	  1.0553886189327632e-002	
  7.8710000000000002e+002	  1.0518051825460310e-002	
  7.8739999999999998e+002	  1.0492559798694023e-002	
  7.8770000000000005e+002	  1.0454362506768768e-002	
  7.8800000000000000e+002	  1.0402211568861461e-002	
  7.8829999999999995e+002	  1.0371903987688502e-002	
  7.8860000000000002e+002	  1.0360231360829822e-002	
  7.8889999999999998e+002	  1.0322267333997614e-002	
  7.8920000000000005e+002	  1.0275153826014195e-002	
  7.8950000000000000e+002	  1.0253486120638861e-002	
  7.8979999999999995e+002	  1.0224405085689434e-002	
  7.9010000000000002e+002	  1.0190803583047903e-002	
  7.9039999999999998e+002	  1.0170357827093366e-002	
  7.9070000000000005e+002	  1.0141823986953159e-002	
  7.9100000000000000e+002	  1.0113668315635368e-002	
  7.9129999999999995e+002	  1.0074079616415647e-002	
  7.9160000000000002e+002	  1.0022444493331579e-002	
  7.9189999999999998e+002	  1.0005032052396003e-002	
  7.9220000000000005e+002	  9.9864492693295809e-003	
  7.9250000000000000e+002	  9.9447498426805895e-003	
  7.9279999999999995e+002	  9.8996888227338483e-003	
  7.9310000000000002e+002	  9.8946514338943588e-003	
  7.9339999999999998e+002	  9.8576659453896050e-003	
  7.9370000000000005e+002	  9.8051002681283222e-003	
  7.9400000000000000e+002	  9.7746216378777895e-003	
  7.9429999999999995e+002	  9.7598631679868628e-003	
  7.9460000000000002e+002	  9.7315650016876823e-003	
  7.9489999999999998e+002	  9.6939972679485828e-003	
  7.9520000000000005e+002	  9.6710129571522946e-003	
  7.9550000000000000e+002	  9.6578498767962827e-003	
  7.9579999999999995e+002	  9.6252887123522198e-003	
  7.9610000000000002e+002	  9.5852700405739729e-003	
  7.9639999999999998e+002	  9.5595125347059905e-003	
  7.9670000000000005e+002	  9.5388311602563128e-003	
  7.9700000000000000e+002	  9.5387271442258139e-003	
  7.9729999999999995e+002	  9.4901287190380049e-003	
  7.9760000000000002e+002	  9.4600284792590340e-003	
  7.9789999999999998e+002	  9.4323752096571612e-003	
  7.9820000000000005e+002	  9.4080613853976605e-003	
  7.9850000000000000e+002	  9.3707590658078117e-003	
  7.9879999999999995e+002	  9.3802679374991021e-003	
  7.9910000000000002e+002	  9.3521006314474572e-003	
  7.9939999999999998e+002	  9.3158785801264569e-003	
  7.9970000000000005e+002	  9.2987668929478649e-003	
  8.0000000000000000e+002	  9.2534396409080198e-003	
  8.0029999999999995e+002	  9.2440473075301836e-003	
  8.0060000000000002e+002	  9.2326745216315120e-003	
  8.0089999999999998e+002	  9.2162938574908444e-003	
  8.0120000000000005e+002	  9.1913019445516875e-003	
  8.0150000000000000e+002	  9.1664484142442680e-003	
  8.0179999999999995e+002	  9.1550023872946362e-003	
  8.0210000000000002e+002	  9.1346524207444064e-003	
  8.0239999999999998e+002	  9.1080800799122341e-003	
  8.0270000000000005e+002	  9.0913876285535680e-003	
  8.0300000000000000e+002	  9.1186877442167337e-003	
  8.0329999999999995e+002	  9.0739413538102835e-003	
  8.0360000000000002e+002	  9.0643529313427975e-003	
  8.0389999999999998e+002	  9.0782391773348223e-003	
  8.0420000000000005e+002	  9.0485850283130598e-003	
  8.0450000000000000e+002	  9.0487843797913779e-003	
  8.0479999999999995e+002	  9.0458168146321186e-003	
  8.0510000000000002e+002	  9.0171620826874944e-003	
  8.0539999999999998e+002	  9.0167745336259906e-003	
  8.0570000000000005e+002	  9.0109128410097647e-003	
  8.0600000000000000e+002	  9.0028238653200119e-003	
  8.0629999999999995e+002	  9.0058434838962229e-003	
  8.0660000000000002e+002	  9.0146502159301339e-003	
  8.0689999999999998e+002	  9.0057261741249301e-003	
  8.0720000000000005e+002	  8.9959186412765270e-003	
  8.0750000000000000e+002	  9.0070771175710749e-003	
  8.0779999999999995e+002	  9.0185901955599206e-003	
  8.0810000000000002e+002	  9.0245586408842279e-003	
  8.0839999999999998e+002	  9.0289469392944560e-003	
  8.0870000000000005e+002	  9.0312178168616176e-003	
  8.0900000000000000e+002	  9.0461003589329472e-003	
  8.0929999999999995e+002	  9.0354209861755116e-003	
  8.0960000000000002e+002	  9.0411920663988222e-003	
  8.0989999999999998e+002	  9.0616816130478610e-003	
  8.1019999999999993e+002	  9.0868104509128304e-003	
  8.1050000000000000e+002	  9.0992516170343863e-003	
  8.1079999999999995e+002	  9.1019852314685092e-003	
  8.1110000000000002e+002	  9.1165055538998552e-003	
  8.1139999999999998e+002	  9.1499790224528147e-003	
  8.1169999999999993e+002	  9.1552805438893069e-003	
  8.1200000000000000e+002	  9.1684532156048569e-003	
  8.1229999999999995e+002	  9.1808811576411849e-003	
  8.1260000000000002e+002	  9.2049478212224457e-003	
  8.1289999999999998e+002	  9.2257070966225950e-003	
  8.1319999999999993e+002	  9.2364807413842509e-003	
  8.1350000000000000e+002	  9.2620772851558699e-003	
  8.1379999999999995e+002	  9.2852761518299482e-003	
  8.1410000000000002e+002	  9.3212729678248691e-003	
  8.1439999999999998e+002	  9.3182355821011080e-003	
  8.1469999999999993e+002	  9.3733496156523793e-003	
  8.1500000000000000e+002	  9.3918086630927541e-003	
  8.1529999999999995e+002	  9.4235934235831244e-003	
  8.1560000000000002e+002	  9.4223966115296858e-003	
  8.1589999999999998e+002	  9.4703394659058863e-003	
  8.1619999999999993e+002	  9.5005073715579719e-003	
  8.1650000000000000e+002	  9.5526791341600005e-003	
  8.1679999999999995e+002	  9.5802950902173084e-003	
  8.1710000000000002e+002	  9.6071513767099926e-003	
  8.1739999999999998e+002	  9.6360057035019039e-003	
  8.1769999999999993e+002	  9.6880390066542092e-003	
  8.1800000000000000e+002	  9.7247850379846307e-003	
  8.1829999999999995e+002	  9.7720532776745545e-003	
  8.1860000000000002e+002	  9.8158451381780438e-003	
  8.1889999999999998e+002	  9.8390446864477180e-003	
  8.1919999999999993e+002	  9.8770485301446515e-003	
  8.1950000000000000e+002	  9.9401004804607375e-003	
  8.1979999999999995e+002	  1.0027754392983566e-002	
  8.2010000000000002e+002	  1.0055108884445031e-002	
  8.2039999999999998e+002	  1.0115852848156465e-002	
  8.2069999999999993e+002	  1.0158989433114376e-002	
  8.2100000000000000e+002	  1.0199840295077357e-002	
  8.2129999999999995e+002	  1.0305127038373009e-002	
  8.2160000000000002e+002	  1.0356127719460945e-002	
  8.2189999999999998e+002	  1.0395343998667895e-002	
  8.2219999999999993e+002	  1.0485548208143774e-002	
  8.2250000000000000e+002	  1.0554874086429682e-002	
  8.2279999999999995e+002	  1.0640878021032510e-002	
  8.2310000000000002e+002	  1.0722058238244341e-002	
  8.2339999999999998e+002	  1.0832505566201441e-002	
  8.2369999999999993e+002	  1.0947521695080743e-002	
  8.2400000000000000e+002	  1.1038630676894085e-002	
  8.2429999999999995e+002	  1.1133032552552387e-002	
  8.2460000000000002e+002	  1.1252692134429877e-002	
  8.2489999999999998e+002	  1.1387819742316193e-002	
  8.2519999999999993e+002	  1.1521980852103318e-002	
  8.2550000000000000e+002	  1.1644049501344797e-002	
  8.2579999999999995e+002	  1.1779248009506549e-002	
  8.2610000000000002e+002	  1.1943075560071252e-002	
  8.2639999999999998e+002	  1.2065459451449403e-002	
  8.2669999999999993e+002	  1.2247075691765625e-002	
  8.2700000000000000e+002	  1.2400955662875683e-002	
  8.2729999999999995e+002	  1.2599031373003011e-002	
  8.2760000000000002e+002	  1.2809533982842618e-002	
  8.2789999999999998e+002	  1.2970243499849356e-002	
  8.2819999999999993e+002	  1.3159436393670317e-002	
  8.2850000000000000e+002	  1.3360023753877494e-002	
  8.2879999999999995e+002	  1.3591139061553072e-002	
  8.2910000000000002e+002	  1.3788387099384222e-002	
  8.2939999999999998e+002	  1.3977990490088176e-002	
  8.2969999999999993e+002	  1.4189384785879363e-002	
  8.3000000000000000e+002	  1.4402250752561489e-002	
  8.3029999999999995e+002	  1.4602357372837998e-002	
  8.3060000000000002e+002	  1.4797914914725076e-002	
  8.3089999999999998e+002	  1.4976863356982473e-002	
  8.3119999999999993e+002	  1.5139353328539971e-002	
  8.3150000000000000e+002	  1.5315428118400828e-002	
  8.3179999999999995e+002	  1.5471165243329430e-002	
  8.3210000000000002e+002	  1.5673346444234355e-002	
  8.3239999999999998e+002	  1.5802328096615869e-002	
  8.3269999999999993e+002	  1.5946252304375446e-002	
  8.3300000000000000e+002	  1.6130835198006090e-002	
  8.3329999999999995e+002	  1.6236438557025529e-002	
  8.3360000000000002e+002	  1.6373904475699926e-002	
  8.3389999999999998e+002	  1.6509788693298447e-002	
  8.3419999999999993e+002	  1.6595919187454133e-002	
  8.3450000000000000e+002	  1.6720338646718149e-002	
  8.3479999999999995e+002	  1.6805031298516307e-002	
  8.3510000000000002e+002	  1.6886258027600250e-002	
  8.3539999999999998e+002	  1.6950528569863635e-002	
  8.3569999999999993e+002	  1.7039404320144325e-002	
  8.3600000000000000e+002	  1.7133151982553989e-002	
  8.3629999999999995e+002	  1.7198053700187722e-002	
  8.3660000000000002e+002	  1.7251166615112289e-002	
  8.3689999999999998e+002	  1.7301161774848726e-002	
  8.3719999999999993e+002	  1.7358280821288867e-002	
  8.3750000000000000e+002	  1.7418119250469127e-002	
  8.3779999999999995e+002	  1.7486787335725062e-002	
  8.3810000000000002e+002	  1.7520396284640718e-002	
  8.3839999999999998e+002	  1.7558554435010591e-002	
  8.3869999999999993e+002	  1.7588728299499413e-002	
  8.3900000000000000e+002	  1.7594585448129269e-002	
  8.3929999999999995e+002	  1.7658509947871576e-002	
  8.3960000000000002e+002	  1.7743993456600098e-002	
  8.3989999999999998e+002	  1.7755048384501846e-002	
  8.4019999999999993e+002	  1.7807296500752270e-002	
  8.4050000000000000e+002	  1.7815768808524500e-002	
  8.4079999999999995e+002	  1.7835867385011868e-002	
  8.4110000000000002e+002	  1.7872545961414913e-002	
  8.4139999999999998e+002	  1.7887055235609042e-002	
  8.4169999999999993e+002	  1.7919876601428856e-002	
  8.4200000000000000e+002	  1.7959602575262447e-002	
  8.4229999999999995e+002	  1.7984852636430654e-002	
  8.4260000000000002e+002	  1.8023420472342927e-002	
  8.4289999999999998e+002	  1.8061116954084879e-002	
  8.4319999999999993e+002	  1.8087501771542981e-002	
  8.4350000000000000e+002	  1.8123157605388737e-002	
  8.4379999999999995e+002	  1.8127814599154989e-002	
  8.4410000000000002e+002	  1.8160878594193946e-002	
  8.4439999999999998e+002	  1.8195658101795811e-002	
  8.4469999999999993e+002	  1.8197154550645474e-002	
  8.4500000000000000e+002	  1.8271872254044218e-002	
  8.4529999999999995e+002	  1.8306088518069055e-002	
  8.4560000000000002e+002	  1.8289653986059751e-002	
  8.4589999999999998e+002	  1.8320340720053858e-002	
  8.4619999999999993e+002	  1.8362704696147234e-002	
  8.4650000000000000e+002	  1.8405774850964181e-002	
  8.4679999999999995e+002	  1.8452973223510548e-002	
  8.4710000000000002e+002	  1.8485491872766456e-002	
  8.4739999999999998e+002	  1.8508593219346225e-002	
  8.4769999999999993e+002	  1.8525819201713901e-002	
  8.4800000000000000e+002	  1.8537124527274674e-002	
  8.4829999999999995e+002	  1.8572533064362937e-002	
  8.4860000000000002e+002	  1.8617261293212749e-002	
  8.4889999999999998e+002	  1.8644418396672906e-002	
  8.4919999999999993e+002	  1.8691354307906971e-002	
  8.4950000000000000e+002	  1.8706900248038560e-002	
  8.4979999999999995e+002	  1.8711493180130701e-002	
  8.5010000000000002e+002	  1.8736796936726335e-002	
  8.5039999999999998e+002	  1.8796369027929673e-002	
  8.5069999999999993e+002	  1.8819776345131049e-002	
  8.5100000000000000e+002	  1.8860467079468077e-002	
  8.5129999999999995e+002	  1.8889749367715352e-002	
  8.5160000000000002e+002	  1.8956817438792316e-002	
  8.5189999999999998e+002	  1.8950735165284338e-002	
  8.5219999999999993e+002	  1.8941222137217648e-002	
  8.5250000000000000e+002	  1.8976253987402273e-002	
  8.5279999999999995e+002	  1.9001393178963648e-002	
  8.5310000000000002e+002	  1.9029370368874459e-002	
  8.5339999999999998e+002	  1.9079184869072389e-002	
  8.5369999999999993e+002	  1.9102073145312252e-002	
  8.5400000000000000e+002	  1.9093286165341731e-002	
  8.5429999999999995e+002	  1.9101378764609614e-002	
  8.5460000000000002e+002	  1.9154277054456645e-002	
  8.5489999999999998e+002	  1.9194458596886441e-002	
  8.5519999999999993e+002	  1.9175162095200805e-002	
  8.5550000000000000e+002	  1.9213356342329142e-002	
  8.5579999999999995e+002	  1.9258543319426866e-002	
  8.5610000000000002e+002	  1.9271691710172553e-002	
  8.5639999999999998e+002	  1.9295029814799462e-002	
  8.5669999999999993e+002	  1.9324867373637564e-002	
  8.5700000000000000e+002	  1.9367425037055342e-002	
  8.5729999999999995e+002	  1.9372788814640649e-002	
  8.5760000000000002e+002	  1.9362100587226462e-002	
  8.5789999999999998e+002	  1.9394011065749433e-002	
  8.5819999999999993e+002	  1.9434064258259491e-002	
  8.5850000000000000e+002	  1.9441457653163321e-002	
  8.5879999999999995e+002	  1.9493506221762276e-002	
  8.5910000000000002e+002	  1.9510286372967679e-002	
  8.5939999999999998e+002	  1.9524811615767097e-002	
  8.5969999999999993e+002	  1.9552065062210335e-002	
  8.6000000000000000e+002	  1.9579822729823733e-002	
  8.6029999999999995e+002	  1.9606442751365583e-002	
  8.6060000000000002e+002	  1.9627664675002592e-002	
  8.6089999999999998e+002	  1.9654424321584079e-002	
  8.6119999999999993e+002	  1.9682944645647876e-002	
  8.6150000000000000e+002	  1.9685692998434562e-002	
  8.6179999999999995e+002	  1.9699506914480764e-002	
  8.6210000000000002e+002	  1.9730982139722429e-002	
  8.6239999999999998e+002	  1.9801903158276995e-002	
  8.6269999999999993e+002	  1.9831388232416373e-002	
  8.6300000000000000e+002	  1.9807813738371857e-002	
  8.6329999999999995e+002	  1.9848279465403375e-002	
  8.6360000000000002e+002	  1.9874043112059554e-002	
  8.6389999999999998e+002	  1.9919329749543357e-002	
  8.6419999999999993e+002	  1.9941566698386023e-002	
  8.6450000000000000e+002	  1.9943339097415240e-002	
  8.6479999999999995e+002	  1.9971031873930276e-002	
  8.6510000000000002e+002	  2.0028455673523255e-002	
  8.6539999999999998e+002	  2.0067233542920584e-002	
  8.6569999999999993e+002	  2.0080569191844554e-002	
  8.6600000000000000e+002	  2.0128522607115666e-002	
  8.6629999999999995e+002	  2.0173695336141804e-002	
  8.6660000000000002e+002	  2.0201893932660905e-002	
  8.6689999999999998e+002	  2.0231933033111729e-002	
  8.6719999999999993e+002	  2.0247108018963698e-002	
  8.6750000000000000e+002	  2.0295897841130610e-002	
  8.6779999999999995e+002	  2.0318418541229552e-002	
  8.6810000000000002e+002	  2.0349996271106677e-002	
  8.6839999999999998e+002	  2.0399487325175797e-002	
  8.6869999999999993e+002	  2.0442191183650489e-002	
  8.6900000000000000e+002	  2.0486886638418286e-002	
  8.6929999999999995e+002	  2.0527501978125497e-002	
  8.6960000000000002e+002	  2.0581857894990393e-002	
  8.6989999999999998e+002	  2.0610396304773314e-002	
  8.7019999999999993e+002	  2.0644305047096606e-002	
  8.7050000000000000e+002	  2.0697799969622781e-002	
  8.7079999999999995e+002	  2.0731490570000864e-002	
  8.7110000000000002e+002	  2.0755805521999481e-002	
  8.7139999999999998e+002	  2.0816335196987182e-002	
  8.7169999999999993e+002	  2.0859328968375043e-002	
  8.7200000000000000e+002	  2.0889134401700381e-002	
  8.7229999999999995e+002	  2.0932327969318983e-002	
  8.7260000000000002e+002	  2.0998419447301540e-002	
  8.7289999999999998e+002	  2.1053473834771998e-002	
  8.7319999999999993e+002	  2.1075957170261034e-002	
  8.7350000000000000e+002	  2.1128933441457082e-002	
  8.7379999999999995e+002	  2.1216338271500757e-002	
  8.7410000000000002e+002	  2.1271383774814769e-002	
  8.7439999999999998e+002	  2.1308395820477524e-002	
  8.7469999999999993e+002	  2.1357967720025225e-002	
  8.7500000000000000e+002	  2.1434504780777797e-002	
  8.7529999999999995e+002	  2.1506857718153506e-002	
  8.7560000000000002e+002	  2.1532331000813549e-002	
  8.7589999999999998e+002	  2.1625369065264521e-002	
  8.7619999999999993e+002	  2.1678410337515802e-002	
  8.7650000000000000e+002	  2.1702173547791585e-002	
  8.7679999999999995e+002	  2.1787494337639018e-002	
  8.7710000000000002e+002	  2.1849639302399623e-002	
  8.7739999999999998e+002	  2.1927948721605767e-002	
  8.7769999999999993e+002	  2.1977471246296117e-002	
  8.7800000000000000e+002	  2.2056519431166759e-002	
  8.7829999999999995e+002	  2.2133782631139427e-002	
  8.7860000000000002e+002	  2.2195013273909374e-002	
  8.7889999999999998e+002	  2.2265468132853621e-002	
  8.7919999999999993e+002	  2.2335710197497940e-002	
  8.7950000000000000e+002	  2.2395429923521074e-002	
  8.7979999999999995e+002	  2.2449724824451765e-002	
  8.8010000000000002e+002	  2.2520142695761563e-002	
  8.8039999999999998e+002	  2.2590127138063076e-002	
  8.8069999999999993e+002	  2.2650549605004310e-002	
  8.8100000000000000e+002	  2.2731105608691467e-002	
  8.8129999999999995e+002	  2.2802262212895486e-002	
  8.8160000000000002e+002	  2.2848697777028509e-002	
  8.8189999999999998e+002	  2.2954374437076992e-002	
  8.8219999999999993e+002	  2.3012358902578446e-002	
  8.8250000000000000e+002	  2.3056881123330337e-002	
  8.8279999999999995e+002	  2.3141504881371698e-002	
  8.8310000000000002e+002	  2.3223250003735270e-002	
  8.8339999999999998e+002	  2.3282723525249391e-002	
  8.8369999999999993e+002	  2.3340785232891952e-002	
  8.8400000000000000e+002	  2.3422741951550068e-002	
  8.8429999999999995e+002	  2.3509490688375750e-002	
  8.8460000000000002e+002	  2.3582416722956714e-002	
  8.8489999999999998e+002	  2.3662157214507894e-002	
  8.8519999999999993e+002	  2.3739655755786626e-002	
  8.8550000000000000e+002	  2.3820637669768038e-002	
  8.8579999999999995e+002	  2.3892773522211495e-002	
  8.8610000000000002e+002	  2.3926747305403721e-002	
  8.8639999999999998e+002	  2.4010448124990869e-002	
  8.8669999999999993e+002	  2.4089909900613077e-002	
  8.8700000000000000e+002	  2.4176312170612915e-002	
  8.8729999999999995e+002	  2.4264043989045678e-002	
  8.8760000000000002e+002	  2.4292139330951753e-002	
  8.8789999999999998e+002	  2.4355595817575668e-002	
  8.8819999999999993e+002	  2.4499488193297052e-002	
  8.8850000000000000e+002	  2.4551296889766861e-002	
  8.8879999999999995e+002	  2.4598815912692484e-002	
  8.8910000000000002e+002	  2.4694101967905648e-002	
  8.8939999999999998e+002	  2.4749436811718161e-002	
  8.8969999999999993e+002	  2.4809708514726293e-002	
  8.9000000000000000e+002	  2.4899837769796974e-002	
  8.9029999999999995e+002	  2.4983739336961602e-002	
  8.9060000000000002e+002	  2.5026785406506481e-002	
  8.9089999999999998e+002	  2.5091150971281312e-002	
  8.9119999999999993e+002	  2.5162563002280782e-002	
  8.9150000000000000e+002	  2.5207062873063294e-002	
  8.9179999999999995e+002	  2.5280452486993180e-002	
  8.9210000000000002e+002	  2.5388138506937885e-002	
  8.9239999999999998e+002	  2.5460467388470728e-002	
  8.9269999999999993e+002	  2.5518525153346336e-002	
  8.9300000000000000e+002	  2.5609914585211318e-002	
  8.9329999999999995e+002	  2.5691651377928455e-002	
  8.9360000000000002e+002	  2.5725475785901872e-002	
  8.9389999999999998e+002	  2.5815009020031490e-002	
  8.9419999999999993e+002	  2.5880389337926323e-002	
  8.9450000000000000e+002	  2.5953394958734440e-002	
  8.9479999999999995e+002	  2.6014565379220166e-002	
  8.9510000000000002e+002	  2.6116608396343687e-002	
  8.9539999999999998e+002	  2.6174627702606423e-002	
  8.9569999999999993e+002	  2.6263251719324161e-002	
  8.9600000000000000e+002	  2.6336246186213226e-002	
  8.9629999999999995e+002	  2.6387758637642419e-002	
  8.9660000000000002e+002	  2.6489059132195351e-002	
  8.9689999999999998e+002	  2.6570855766158134e-002	
  8.9719999999999993e+002	  2.6636297294049240e-002	
  8.9750000000000000e+002	  2.6698702984685498e-002	
  8.9779999999999995e+002	  2.6785363114599985e-002	
  8.9810000000000002e+002	  2.6847293412281151e-002	
  8.9839999999999998e+002	  2.6898501577384819e-002	
  8.9869999999999993e+002	  2.7023615921019196e-002	
  8.9900000000000000e+002	  2.7126046291642981e-002	
  8.9929999999999995e+002	  2.7179767292764685e-002	
  8.9960000000000002e+002	  2.7245879024985431e-002	
  8.9989999999999998e+002	  2.7347232531254893e-002	
  9.0019999999999993e+002	  2.7448373435628930e-002	
  9.0050000000000000e+002	  2.7504487434953376e-002	
  9.0079999999999995e+002	  2.7592143083222262e-002	
  9.0110000000000002e+002	  2.7626990744691826e-002	
  9.0139999999999998e+002	  2.7765319708712793e-002	
  9.0169999999999993e+002	  2.7801260751955530e-002	
  9.0200000000000000e+002	  2.7886108251805194e-002	
  9.0229999999999995e+002	  2.8012113320671609e-002	
  9.0260000000000002e+002	  2.8096305172055368e-002	
  9.0289999999999998e+002	  2.8174407007431200e-002	
  9.0319999999999993e+002	  2.8267681304320395e-002	
  9.0350000000000000e+002	  2.8375518451418190e-002	
  9.0379999999999995e+002	  2.8461175360652329e-002	
  9.0410000000000002e+002	  2.8566552045000422e-002	
  9.0439999999999998e+002	  2.8683175570610887e-002	
  9.0469999999999993e+002	  2.8758889166334480e-002	
  9.0500000000000000e+002	  2.8839214710372298e-002	
  9.0529999999999995e+002	  2.8958420064634165e-002	
  9.0560000000000002e+002	  2.9069319401105222e-002	
  9.0589999999999998e+002	  2.9166199682650447e-002	
  9.0619999999999993e+002	  2.9244889808553394e-002	
  9.0650000000000000e+002	  2.9381445393201762e-002	
  9.0679999999999995e+002	  2.9492765147729916e-002	
  9.0710000000000002e+002	  2.9633727170083540e-002	
  9.0739999999999998e+002	  2.9725744878493544e-002	
  9.0769999999999993e+002	  2.9847735242815469e-002	
  9.0800000000000000e+002	  2.9982436995950178e-002	
  9.0829999999999995e+002	  3.0084019166618656e-002	
  9.0860000000000002e+002	  3.0221458820003908e-002	
  9.0889999999999998e+002	  3.0350981414281025e-002	
  9.0919999999999993e+002	  3.0467660973320876e-002	
  9.0950000000000000e+002	  3.0575397188703266e-002	
  9.0979999999999995e+002	  3.0706141755598187e-002	
  9.1010000000000002e+002	  3.0879941902735641e-002	
  9.1039999999999998e+002	  3.1025306962685684e-002	
  9.1069999999999993e+002	  3.1156496748189023e-002	
  9.1100000000000000e+002	  3.1314316251426333e-002	
  9.1129999999999995e+002	  3.1462499471166222e-002	
  9.1160000000000002e+002	  3.1595156528662488e-002	
  9.1189999999999998e+002	  3.1765714392829207e-002	
  9.1219999999999993e+002	  3.1948816555664956e-002	
  9.1250000000000000e+002	  3.2077889906066172e-002	
  9.1279999999999995e+002	  3.2239798622669645e-002	
  9.1310000000000002e+002	  3.2423498859923808e-002	
  9.1339999999999998e+002	  3.2615360106563726e-002	
  9.1369999999999993e+002	  3.2801316686262627e-002	
  9.1400000000000000e+002	  3.3018045142210579e-002	
  9.1429999999999995e+002	  3.3192164292277400e-002	
  9.1460000000000002e+002	  3.3389620181574875e-002	
  9.1489999999999998e+002	  3.3588574228174850e-002	
  9.1519999999999993e+002	  3.3825325863101399e-002	
  9.1550000000000000e+002	  3.4064373040408082e-002	
  9.1579999999999995e+002	  3.4266053125833633e-002	
  9.1610000000000002e+002	  3.4534480503883899e-002	
  9.1639999999999998e+002	  3.4785580132635927e-002	
  9.1669999999999993e+002	  3.4996315269026468e-002	
  9.1700000000000000e+002	  3.5240936124816033e-002	
  9.1729999999999995e+002	  3.5468425730016184e-002	
  9.1760000000000002e+002	  3.5721936318357732e-002	
  9.1789999999999998e+002	  3.6022140675351554e-002	
  9.1819999999999993e+002	  3.6315961662538178e-002	
  9.1850000000000000e+002	  3.6619153228212423e-002	
  9.1879999999999995e+002	  3.6902338636118769e-002	
  9.1910000000000002e+002	  3.7196566853465875e-002	
  9.1939999999999998e+002	  3.7565406141367844e-002	
  9.1969999999999993e+002	  3.7878186961195992e-002	
  9.2000000000000000e+002	  3.8230448207033398e-002	
  9.2029999999999995e+002	  3.8596895345264483e-002	
  9.2060000000000002e+002	  3.8947003865212389e-002	
  9.2089999999999998e+002	  3.9310127097370369e-002	
  9.2119999999999993e+002	  3.9682123684331917e-002	
  9.2150000000000000e+002	  4.0100995602157297e-002	
  9.2179999999999995e+002	  4.0493861068139264e-002	
  9.2210000000000002e+002	  4.0904801623007803e-002	
  9.2239999999999998e+002	  4.1298632041145131e-002	
  9.2269999999999993e+002	  4.1738652721255036e-002	
  9.2300000000000000e+002	  4.2233391416062735e-002	
  9.2329999999999995e+002	  4.2683103032143482e-002	
  9.2360000000000002e+002	  4.3123450984950178e-002	
  9.2389999999999998e+002	  4.3617969192503832e-002	
