700.0 0.7556458
702.0 0.7540283
704.0 0.7534065
706.0 0.7538071
708.0 0.7551842
710.0 0.7575378
712.0 0.7608604
714.0 0.7651024
716.0 0.7702293
718.0 0.7762489
720.0 0.7831459
722.0 0.7908821
724.0 0.7994080
726.0 0.8087578
728.0 0.8188820
730.0 0.8298035
732.0 0.8414192
734.0 0.8537521
736.0 0.8667831
738.0 0.8805008
740.0 0.8948784
742.0 0.9098892
744.0 0.9255257
746.0 0.9417229
748.0 0.9585114
750.0 0.9758911
752.0 0.9937668
754.0 1.012161
756.0 1.031052
758.0 1.050430
760.0 1.070297
762.0 1.090561
764.0 1.111259
766.0 1.132370
768.0 1.153854
770.0 1.175690
772.0 1.197899
774.0 1.220421
776.0 1.243225
778.0 1.266373
780.0 1.289780
782.0 1.313416
784.0 1.337318
786.0 1.361420
788.0 1.385765
790.0 1.410278
792.0 1.434952
794.0 1.459778
796.0 1.484726
798.0 1.509872
800.0 1.535065
802.0 1.560356
804.0 1.585693
806.0 1.611122
808.0 1.636597
810.0 1.662079
812.0 1.687614
814.0 1.713120
816.0 1.738594
818.0 1.764099
820.0 1.789543
822.0 1.814919
824.0 1.840157
826.0 1.865448
828.0 1.890564
830.0 1.915558
832.0 1.940437
834.0 1.965187
836.0 1.989883
838.0 2.014328
840.0 2.038605
842.0 2.062737
844.0 2.086655
846.0 2.110397
848.0 2.133911
850.0 2.157242
852.0 2.180267
854.0 2.203110
856.0 2.225723
858.0 2.248077
860.0 2.270111
862.0 2.291931
864.0 2.313385
866.0 2.334671
868.0 2.355576
870.0 2.376221
872.0 2.396576
874.0 2.416580
876.0 2.436295
878.0 2.455627
880.0 2.474670
882.0 2.493393
884.0 2.511765
886.0 2.529816
888.0 2.547485
890.0 2.564774
892.0 2.581741
894.0 2.598434
896.0 2.614655
898.0 2.630585
900.0 2.646118
902.0 2.661285
904.0 2.676147
906.0 2.690628
908.0 2.704712
910.0 2.718445
912.0 2.731857
914.0 2.744949
916.0 2.757568
918.0 2.769928
920.0 2.781876
922.0 2.793488
924.0 2.804810
926.0 2.815765
928.0 2.826401
930.0 2.836685
932.0 2.846649
934.0 2.856354
936.0 2.865677
938.0 2.874710
940.0 2.883514
942.0 2.891998
944.0 2.900177
946.0 2.908096
948.0 2.915741
950.0 2.923187
952.0 2.930420
954.0 2.937347
956.0 2.944122
958.0 2.950623
960.0 2.957001
962.0 2.963226
964.0 2.969208
966.0 2.975098
968.0 2.980774
970.0 2.986450
972.0 2.992035
974.0 2.997406
976.0 3.002869
978.0 3.008148
980.0 3.013550
982.0 3.018860
984.0 3.024078
986.0 3.029419
988.0 3.034790
990.0 3.040314
992.0 3.045898
994.0 3.051514
996.0 3.057343
998.0 3.063324
1000.0 3.069489
